-4.47902227521076,73.4238123760653,-5.24067796933109
-4.49429523686267,73.4665101648158,-5.24053292205748
-4.49807587041514,73.4771516997729,-5.24049666024079
-4.5018415134952,73.4877800372495,-5.24046039842036
-4.50559218980237,73.4983951540791,-5.24042413660305
-4.50932792622469,73.5089970360427,-5.24038787478405
-4.5130487485428,73.5195856657122,-5.24035161296281
-4.51675467968001,73.5301610176723,-5.24031535114924
-4.52044574916026,73.5407230850833,-5.24027908932905
-4.52412198071843,73.5512718447464,-5.24024282750934
-4.52778339952313,73.5618072774252,-5.2402065656921
-4.53143003247518,73.5723293688769,-5.24017030387283
-4.53506190393104,73.5828380974951,-5.24013404205669
-4.53867904160264,73.5933334513483,-5.24009778023627
-4.54228146989028,73.6038154089313,-5.2400615184167
-4.5458692134757,73.6142839494774,-5.24002525660215
-4.54944230122038,73.6247390643425,-5.23998899478107
-4.55300075619406,73.6351807280642,-5.23995273296388
-4.55654460590948,73.6456089280695,-5.23991647114422
-4.56007387505644,73.656023643532,-5.23988020932655
-4.56358858949758,73.6664248569909,-5.23984394751096
-4.56708877754294,73.6768125582208,-5.23980768568822
-4.5705744612958,73.6871867187021,-5.2397714238729
-4.57404566971949,73.6975473300435,-5.23973516205346
-4.57750242738107,73.7078943709652,-5.23969890023517
-4.58094476000417,73.7182278234371,-5.23966263841908
-4.58437269566849,73.7285476765781,-5.23962637659704
-4.58778625755556,73.7388539047643,-5.23959011478008
-4.59118547254307,73.7491464934118,-5.23955385296493
-4.59457036839714,73.7594254306452,-5.23951759114486
-4.59794096991784,73.769690695634,-5.23948132932481
-4.60129730245062,73.7799422691271,-5.23944506750771
-4.60463939295269,73.7901801367003,-5.23940880569026
-4.60796726737507,73.8004042809208,-5.23937254387314
-4.61128095269362,73.8106146874683,-5.239336282053
-4.61458047378842,73.8208113355891,-5.23930002023492
-4.61786585689013,73.8309942085325,-5.23926375841879
-4.62113712987052,73.841163294715,-5.23922749659789
-4.62439431682542,73.8513185708543,-5.23919123478067
-4.62763744455504,73.8614600219386,-5.23915497296493
-4.63086654078999,73.8715876358933,-5.23911871114471
-4.63408163035867,73.8817013915807,-5.23908244932584
-4.63728273924221,73.8918012714425,-5.23904618750952
-4.64046989493743,73.9018872625823,-5.23900992569101
-4.64364312319003,73.9119593466775,-5.23897366387263
-4.64680245052182,73.9220175077401,-5.23893740205369
-4.64994790234615,73.932061726342,-5.23890114023802
-4.65307950663905,73.9420919910816,-5.23886487841913
-4.65619728910556,73.9521082833337,-5.23882861659989
-4.65930127558404,73.9621105849248,-5.23879235478264
-4.66239149317422,73.9720988816257,-5.23875609296467
-4.66546796810515,73.9820731564275,-5.23871983114689
-4.66853072702252,73.992033393642,-5.23868356932859
-4.67157979607716,74.0019795759554,-5.23864730751117
-4.67461520209817,74.0119116882103,-5.23861104569329
-4.67763697187824,74.0218297151402,-5.23857478387382
-4.68064513093478,74.0317336372927,-5.23853852205706
-4.68363970644661,74.0416234405986,-5.23850226024041
-4.68662072594802,74.0514991121647,-5.23846599841981
-4.689588214052,74.0613606294252,-5.23842973660371
-4.69254219893006,74.0712079815691,-5.23839347478545
-4.69548270675805,74.081041151204,-5.23835721296692
-4.69840976365416,74.0908601205759,-5.23832095115047
-4.70132339740109,74.1006648775904,-5.23828468933127
-4.70422363358803,74.110455402761,-5.238248427514
-4.70711049951705,74.1202316823225,-5.23821216569605
-4.70998402180204,74.1299937001402,-5.23817590387791
-4.71284422689838,74.1397414395526,-5.23813964206077
-4.71569114220773,74.1494748870728,-5.2381033802418
-4.71852479355519,74.1591940238311,-5.23806711842513
-4.72134520854269,74.1688988369698,-5.2380308566072
-4.72415241372465,74.1785893101367,-5.23799459478901
-4.72694643574168,74.1882654270848,-5.23795833297145
-4.72972730174775,74.1979271734339,-5.23792207115306
-4.73249503804767,74.2075745318077,-5.23788580933628
-4.73524967226632,74.2172074893755,-5.23784954751775
-4.73799123063897,74.2268260284561,-5.2378132857004
-4.74071974040879,74.2364301348239,-5.23777702388276
-4.74343522853414,74.2460197933394,-5.23774076206456
-4.74613772171108,74.2555949878372,-5.23770450024693
-4.74882724695826,74.2651557032773,-5.23766823842958
-4.75150383140048,74.2747019249485,-5.23763197661183
-4.75416750198696,74.2842336375735,-5.2375957147938
-4.75681828557198,74.2937508254147,-5.23755945297624
-4.75945620936585,74.3032534740059,-5.23752319115829
-4.76208130003663,74.3127415670371,-5.23748692934154
-4.7646935852401,74.322215091561,-5.23745066752329
-4.76729309174456,74.3316740314488,-5.23741440570496
-4.76987984624312,74.3411183703544,-5.23737814388831
-4.77245387644043,74.350548095467,-5.23734188207061
-4.7750152092823,74.3599631913167,-5.23730562025258
-4.77756387180458,74.3693636426162,-5.23726935843475
-4.78009989102404,74.3787494340688,-5.23723309661771
-4.7826232943955,74.3881205519122,-5.23719683480014
-4.7851341091782,74.3974769816723,-5.23716057298167
-4.78763236200283,74.4068187065282,-5.23712431116498
-4.79011808071531,74.4161457141045,-5.2370880493471
-4.79259129220899,74.4254579884916,-5.23705178752965
-4.79505202381045,74.4347555153852,-5.23701552571221
-4.79750030298541,74.4440382809396,-5.23697926389385
-4.7999361564395,74.453306268456,-5.23694300207731
-4.80235961211867,74.4625594658946,-5.23690674025944
-4.80477069710347,74.4717978578975,-5.23687047844137
-4.80716943842685,74.4810214288964,-5.23683421662454
-4.80955586384422,74.4902301660891,-5.23679795480691
-4.8119300005797,74.4994240545819,-5.23676169298914
-4.81429187586802,74.5086030795255,-5.23672543117191
-4.81664151732846,74.5177672274911,-5.23668916935411
-4.81897895214419,74.5269164833918,-5.2366529075368
-4.82130420783995,74.5360508333776,-5.23661664571949
-4.82361731192475,74.5451702635937,-5.23658038390178
-4.82591829167083,74.5542747591503,-5.2365441220846
-4.82820717473314,74.5633643066989,-5.23650786026699
-4.83048398851582,74.5724388918408,-5.23647159844934
-4.83274876039866,74.5814985000904,-5.23643533663223
-4.8350015180652,74.5905431181106,-5.23639907481481
-4.83724228903354,74.5995727319025,-5.23636281299712
-4.83947110067578,74.6085873268593,-5.23632655118001
-4.84168798076862,74.6175868899488,-5.2362902893624
-4.84389295675749,74.6265714068311,-5.23625402754489
-4.84608605616126,74.6355408633604,-5.23621776572789
-4.84826730676209,74.6444952465252,-5.23618150391041
-4.85043673613009,74.6534345423647,-5.23614524209273
-4.85259437175813,74.662358736576,-5.2361089802756
-4.854740241405,74.6712678159648,-5.2360727184584
-4.85687437276428,74.6801617670273,-5.23603645664096
-4.85899679351241,74.6890405761222,-5.23600019482332
-4.8611075311798,74.6979042290457,-5.2359639330063
-4.8632066136489,74.7067527129833,-5.23592767118899
-4.86529406862481,74.7155860143844,-5.23589140937145
-4.86736992368386,74.7244041191338,-5.23585514755451
-4.86943420684019,74.733207014881,-5.23581888573683
-4.87148694560252,74.7419946872101,-5.23578262391971
-4.87352816788747,74.7507671233266,-5.23574636210245
-4.87555790148371,74.7595243099057,-5.23571010028506
-4.87757617412227,74.7682662333654,-5.23567383846793
-4.87958301371344,74.7769928808058,-5.23563757665063
-4.88157844804189,74.7857042388211,-5.23560131483343
-4.88356250500672,74.7944002944682,-5.23556505301603
-4.88553521241182,74.8030810343359,-5.2355287911988
-4.8874965981424,74.8117464453758,-5.23549252938169
-4.8894466901208,74.8203965146431,-5.23545626756455
-4.89138551628618,74.8290312292663,-5.23542000574719
-4.89331310451175,74.8376505760546,-5.23538374392989
-4.89522948270168,74.8462545419387,-5.23534748211279
-4.89713467885523,74.8548431141903,-5.23531122029568
-4.89902872094864,74.8634162800367,-5.23527495847842
-4.90091163692363,74.8719740264585,-5.23523869666125
-4.90278345478893,74.8805163407714,-5.23520243484402
-4.90464420253397,74.8890432101228,-5.23516617302686
-4.90649390815885,74.8975546216862,-5.23512991120988
-4.90833259977531,74.9060505631767,-5.23509364939259
-4.91016030535676,74.9145310215947,-5.23505738757541
-4.91197705297323,74.922995984366,-5.23502112575831
-4.91378287071519,74.9314454390044,-5.23498486394117
-4.9155777866327,74.9398793728077,-5.23494860212418
-4.91736182889979,74.9482977735971,-5.23491234030695
-4.91913502556822,74.9567006286484,-5.23487607848979
-4.92089740476337,74.9650879255008,-5.23483981667275
-4.92264899464044,74.9734596518424,-5.23480355485573
-4.92438982337333,74.9818157954144,-5.23476729303859
-4.92611991911604,74.9901563438306,-5.23473103122144
-4.9278393100142,74.9984812846442,-5.23469476940447
-4.92954802430993,75.006790605874,-5.23465850758736
-4.93124609018526,75.0150842951515,-5.2346222457703
-4.93293353585515,75.0233623403191,-5.23458598395329
-4.93461038956796,75.0316247293111,-5.23454972213623
-4.93627667956061,75.0398714499849,-5.23451346031918
-4.93793243409526,75.0481024902879,-5.23447719850214
-4.93957768143116,75.0563178381724,-5.23444093668513
-4.94121244986596,75.0645174816888,-5.23440467486812
-4.94283676768862,75.0727014088649,-5.23436841305113
-4.94445066322147,75.0808696078401,-5.2343321512341
-4.9460541647741,75.089022066676,-5.23429588941711
-4.94764730068323,75.0971587735516,-5.23425962760014
-4.94923009930723,75.1052797167151,-5.23422336578313
-4.95080258899012,75.1133848843276,-5.23418710396618
-4.95236479811709,75.1214742647096,-5.23415084214922
-4.95391675507695,75.1295478461775,-5.23411458033226
-4.95545848825777,75.1376056170776,-5.23407831851529
-4.9569900260796,75.1456475657845,-5.23404205669834
-4.95851139695407,75.1536736807195,-5.2340057948814
-4.96002262932651,75.1616839503389,-5.23396953306448
-4.96152375164047,75.1696783631619,-5.23393327124756
-4.96301479235966,75.1776569077126,-5.23389700943064
-4.96449577995327,75.1856195725707,-5.23386074761372
-4.96596674291153,75.1935663463536,-5.23382448579679
-4.96742770971679,75.2014972176561,-5.23378822397992
-4.96887870889565,75.2094121752266,-5.23375196216302
-4.97031976895636,75.2173112077571,-5.23371570034614
-4.9717509184381,75.2251943040129,-5.23367943852926
-4.97317218588656,75.2330614527953,-5.23364317671238
-4.97458359985516,75.2409126429276,-5.23360691489551
-4.97598518891288,75.2487478632813,-5.23357065307866
-4.97737698164308,75.2565671027816,-5.2335343912618
-4.97875900663552,75.264370350355,-5.23349812944495
-4.98013129249307,75.27215759499,-5.23346186762812
-4.98149386783815,75.2799288257244,-5.23342560581127
-4.98284676129132,75.287684031591,-5.23338934399445
-4.98419000149472,75.2954232017026,-5.23335308217763
-4.9855236170998,75.3031463251887,-5.23331682036082
-4.98684763676911,75.310853391219,-5.23328055854401
-4.98816208917529,75.3185443890052,-5.2332442967272
-4.98946700300228,75.3262193077841,-5.23320803491041
-4.99076240694954,75.333878136849,-5.23317177309362
-4.99204832972616,75.3415208655196,-5.23313551127684
-4.99332480004779,75.3491474831474,-5.23309924946006
-4.99459184664791,75.356757979137,-5.23306298764329
-4.99584949826822,75.364352342917,-5.23302672582653
-4.99709778365984,75.371930563957,-5.23299046400977
-4.99833673159025,75.3794926317706,-5.23295420219302
-4.99956637083418,75.387038535903,-5.23291794037627
-5.00078673017611,75.3945682659347,-5.23288167855954
-5.00199783841605,75.4020818114894,-5.2328454167428
-5.0031997243614,75.4095791622275,-5.23280915492608
-5.03227017789792,75.6058492387499,-5.23183008587677
-5.03322557912301,75.6128890893351,-5.23179382406021
-5.03417259808511,75.6199124616333,-5.23175756224366
-5.0351112639035,75.6269193464428,-5.23172130042712
-5.03604160570558,75.6339097345928,-5.23168503861057
-5.03696365262692,75.6408836169481,-5.23164877679404
-5.03787743381639,75.6478409844227,-5.23161251497751
-5.03878297842882,75.6547818279574,-5.23157625316099
-5.03968031562994,75.6617061385356,-5.23153999134447
-5.04056947459521,75.6686139071765,-5.23150372952796
-5.04145048450835,75.6755051249435,-5.23146746771145
-5.04232337456377,75.6823797829294,-5.23143120589495
-5.04318817396381,75.6892378722715,-5.23139494407846
-5.04404491192261,75.6960793841442,-5.23135868226197
-5.04489361765923,75.7029043097534,-5.23132242044549
-5.04573432040418,75.7097126403501,-5.23128615862901
-5.04656704940053,75.7165043672279,-5.23124989681254
-5.04739183389422,75.7232794817055,-5.23121363499607
-5.04820870314165,75.7300379751372,-5.23117737317962
-5.04901768641447,75.736779838953,-5.23114111136315
-5.04981881298335,75.743505064566,-5.2311048495467
-5.0506121121349,75.7502136434579,-5.23106858773026
-5.05139761316309,75.7569055671549,-5.23103232591382
-5.05217534537038,75.7635808272025,-5.23099606409739
-5.05294533806728,75.7702394151987,-5.23095980228096
-5.05370762057074,75.7768813227607,-5.23092354046454
-5.05446222221542,75.7835065415781,-5.23088727864812
-5.05520917233222,75.7901150633429,-5.23085101683171
-5.05594850027016,75.7967068798039,-5.2308147550153
-5.05668023537944,75.8032819827278,-5.23077849319892
-5.05740440702827,75.8098403639729,-5.23074223138251
-5.05812104458603,75.816382015385,-5.2307059695661
-5.05883017742544,75.8229069288032,-5.23066970774976
-5.0595318349437,75.829415096251,-5.23063344593337
-5.06022604653562,75.8359065096896,-5.23059718411696
-5.06091284159757,75.8423811610492,-5.23056092230062
-5.06159224955073,75.8488390424477,-5.23052466048428
-5.06226429981453,75.855280146027,-5.23048839866787
-5.06292902181262,75.8617044637795,-5.23045213685154
-5.06358644498481,75.8681119879273,-5.23041587503524
-5.06423659878332,75.8745027107753,-5.23037961321884
-5.06487951264872,75.8808766244356,-5.2303433514025
-5.06551521604833,75.887233721181,-5.23030708958622
-5.06614373845784,75.8935739934423,-5.23027082776987
-5.06676510934177,75.8998974334881,-5.23023456595356
-5.06737935819188,75.9062040337498,-5.23019830413723
-5.06798651449796,75.912493786647,-5.23016204232092
-5.06858660776233,75.9187666846515,-5.23012578050462
-5.06917966748945,75.9250227202596,-5.23008951868834
-5.06976572320095,75.9312618860751,-5.23005325687201
-5.07034480441385,75.9374841746062,-5.23001699505574
-5.0709169406623,75.9436895785285,-5.22998073323947
-5.07148216148348,75.9498780904985,-5.22994447142319
-5.07204049642357,75.9560497031783,-5.22990820960696
-5.07259197504501,75.9622044095096,-5.22987194779053
-5.07313662687719,75.9683422018513,-5.22983568597442
-5.073674481522,75.9744630734187,-5.22979942415814
-5.07420556854476,75.9805670169215,-5.22976316234186
-5.07472991752256,75.9866540252198,-5.22972690052563
-5.07524755804861,75.992724091335,-5.22969063870934
-5.0757585197125,75.9987772080331,-5.22965437689324
-5.07626283214023,76.0048133687254,-5.22961811507683
-5.07676052491376,76.0108325660253,-5.22958185326066
-5.07725162766624,76.0168347932006,-5.22954559144449
-5.07773617002189,76.0228200433852,-5.22950932962831
-5.07821418161563,76.0287883098358,-5.22947306781201
-5.07868569208819,76.0347395856455,-5.22943680599572
-5.07915073106041,76.0406738638146,-5.22940054417974
-5.07960932822188,76.0465911381596,-5.22936428236341
-5.08006151320982,76.0524914016235,-5.22932802054718
-5.08050731568369,76.0583746474721,-5.22929175873116
-5.0809467653435,76.0642408694715,-5.2292554969149
-5.08137989185731,76.0700900609569,-5.22921923509851
-5.08180672489084,76.0759222150165,-5.22918297328247
-5.08222729414043,76.0817373253443,-5.22914671146656
-5.08264162934078,76.0875353859315,-5.22911044965021
-5.08304976017486,76.0933163900138,-5.22907418783387
-5.08345171632861,76.0990803308506,-5.22903792601799
-5.08384752757294,76.1048272028098,-5.2290016642017
-5.08423722358641,76.1105569991515,-5.22896540238553
-5.08462083411683,76.1162697135652,-5.22892914056957
-5.08499838890829,76.1219653401985,-5.22889287875334
-5.08536991770155,76.1276438727074,-5.22885661693706
-5.08573545022894,76.1333053046104,-5.22882035512113
-5.08609501626267,76.1389496301285,-5.22878409330516
-5.0864486455926,76.1445768437508,-5.22874783148847
-5.08679636791171,76.1501869380533,-5.22871156967276
-5.08713821303466,76.1557799078688,-5.22867530785703
-5.08747421078965,76.1613557480604,-5.22863904604028
-5.08780439088153,76.1669144512533,-5.2286027842243
-5.08812878313028,76.1724560120226,-5.22856652240856
-5.08844741736901,76.1779804252802,-5.22853026059212
-5.08876032333383,76.1834876841559,-5.2284939987763
-5.08906753088191,76.1889777836156,-5.22845773696022
-5.08936906983586,76.1944507181375,-5.22842147514364
-5.08966496995368,76.1999064807026,-5.22838521332821
-5.08995526111419,76.2053450670584,-5.2283489515122
-5.0902399731755,76.2107664717439,-5.22831268969546
-5.09051913588431,76.2161706877655,-5.22827642787973
-5.09079277913304,76.2215577104108,-5.22824016606402
-5.0910609328042,76.2269275348507,-5.22820390424752
-5.09132362667702,76.232280154367,-5.22816764243179
-5.09158089065927,76.2376155644457,-5.22813138061572
-5.09183275461208,76.2429337596322,-5.22809511879943
-5.09207924836593,76.2482347339301,-5.22805885698373
-5.09232040184341,76.2535184829746,-5.22802259516747
-5.09255624489287,76.258785000879,-5.22798633335144
-5.09278680739203,76.2640342823512,-5.22795007153573
-5.0930121192572,76.2692663228764,-5.22791380971951
-5.09323221036655,76.274481116837,-5.22787754790339
-5.09344711060265,76.2796786587537,-5.22784128608783
-5.09365684991705,76.2848589447152,-5.22780502427141
-5.09386145816576,76.2900219686479,-5.22776876245543
-5.09406096527788,76.2951677257366,-5.22773250063967
-5.09425540118885,76.3002962115004,-5.22769623882358
-5.09444479580397,76.305407420594,-5.22765997700769
-5.0946291790639,76.3105013484657,-5.2276237151916
-5.09480858088047,76.3155779900038,-5.22758745337568
-5.09498303120879,76.3206373405395,-5.22755119155976
-5.09515255998291,76.3256793954888,-5.22751492974365
-5.09531719714064,76.3307041495706,-5.22747866792804
-5.09547697264626,76.3357115989931,-5.22744240611185
-5.09563191645504,76.340701738682,-5.22740614429562
-5.09578205851039,76.3456745634389,-5.22736988248009
-5.09592742878053,76.3506300694256,-5.22733362066437
-5.09606805725563,76.3555682526035,-5.22729735884789
-5.0962039738706,76.3604891071335,-5.2272610970323
-5.09633520862225,76.3653926296186,-5.22722483521632
-5.09646179148855,76.3702788153844,-5.22718857340029
-5.09658375245279,76.375147659892,-5.22715231158443
-5.09670112150282,76.3799991589714,-5.22711604976854
-5.09681392862747,76.3848333081867,-5.22707978795281
-5.09692220383063,76.3896501039219,-5.22704352613646
-5.09702597710175,76.3944495405211,-5.22700726432129
-5.09712527846003,76.3992316157326,-5.22697100250491
-5.09722013790275,76.4039963243327,-5.22693474068869
-5.09731058543449,76.4087436617394,-5.22689847887321
-5.09739665108553,76.4134736247112,-5.2268622170575
-5.09747836485734,76.4181862090016,-5.22682595524183
-5.09755575680413,76.4228814115499,-5.22678969342507
-5.0976288569185,76.4275592263712,-5.22675343160976
-5.09769769524067,76.4322196508257,-5.22671716979433
-5.09776230182416,76.4368626824116,-5.22668090797713
-5.09782270666254,76.441488313491,-5.22664464616284
-5.0978789398378,76.4460965442861,-5.22660838434655
-5.09793103137809,76.4506873695781,-5.22657212253007
-5.09797901132595,76.4552607850833,-5.22653586071412
-5.09802290972833,76.4598167866887,-5.22649959889924
-5.09806275665061,76.4643553722089,-5.22646333708367
-5.09809858215063,76.4688765393357,-5.22642707526584
-5.09813041628101,76.473380279541,-5.22639081345186
-5.09815828910813,76.477866593913,-5.2263545516361
-5.09818223069186,76.4823354791517,-5.22631828981833
-5.09820227110643,76.4867869269236,-5.22628202800458
-5.09821844041833,76.4912209388085,-5.22624576618875
-5.09823076870864,76.4956375109059,-5.22620950437151
-5.09823928605726,76.5000366373324,-5.22617324255601
-5.09824402254792,76.5044183153434,-5.2261369807416
-5.0982450082439,76.5087825443466,-5.22610071892503
-5.09824227325177,76.5131293197715,-5.226064457108
-5.09823584765849,76.5174586357586,-5.22602819529381
-5.09822576154875,76.5217704932404,-5.22599193347749
-5.09821204502627,76.5260648867379,-5.22595567166198
-5.09819472816767,76.5303418141042,-5.22591940984619
-5.09817384109809,76.5346012720424,-5.22588314803048
-5.098149413893,76.5388432584555,-5.22584688621378
-5.09812147667792,76.5430677687901,-5.22581062439809
-5.09809005957327,76.5472747994602,-5.22577436258427
-5.09805519264628,76.5514643518149,-5.22573810076718
-5.09801690602329,76.5556364199502,-5.22570183895059
-5.09797522984927,76.5597910003264,-5.22566557713547
-5.09793019422285,76.5639280903083,-5.2256293153217
-5.09788182920751,76.5680476915267,-5.22559305350397
-5.09783016497835,76.5721497978553,-5.22555679168654
-5.09777523170817,76.5762344031527,-5.22552052987375
-5.09771705942882,76.5803015109443,-5.2254842680581
-5.0976556782926,76.5843511171904,-5.22544800624145
-5.09759111843229,76.5883832181484,-5.22541174442531
-5.09752340998298,76.5923978120825,-5.22537548260882
-5.09745258311992,76.5963948940868,-5.225339220795
-5.09737866789644,76.6003744658093,-5.22530295897894
-5.09730169447226,76.6043365234983,-5.22526669716234
-5.09722169303491,76.6082810628798,-5.22523043534764
-5.09713869365506,76.6122080845519,-5.22519417353131
-5.09705272653054,76.6161175841501,-5.225157911716
-5.09696382175139,76.6200095610605,-5.22512164989976
-5.09687200951634,76.6238840114277,-5.22508538808471
-5.09677731990653,76.6277409351905,-5.22504912626831
-5.09667978313787,76.631580328279,-5.22501286445303
-5.09657942933673,76.6354021892211,-5.2249766026382
-5.09647628859755,76.6392065178656,-5.22494034082153
-5.09637039113663,76.6429933099109,-5.22490407900593
-5.0962617670835,76.6467625644033,-5.22486781719022
-5.09615044661666,76.6505142789515,-5.22483155537503
-5.09603645984185,76.6542484523327,-5.2247952935596
-5.09591983691332,76.6579650837014,-5.22475903174277
-5.09580060809113,76.6616641682502,-5.2247227699283
-5.09567880340646,76.6653457071912,-5.22468650811257
-5.095554453049,76.6690096989085,-5.22465024629551
-5.09542758725401,76.672656138805,-5.22461398448075
-5.09529823613069,76.676285026907,-5.22457772266629
-5.09516642983894,76.6798963622868,-5.22454146085137
-5.09503219843112,76.6834901457814,-5.22450519903307
-5.09489557221709,76.6870663719788,-5.2244689372162
-5.09475658150869,76.6906250361815,-5.22443267540479
-5.09461525608603,76.6941661462416,-5.22439641358745
-5.09447162633807,76.6976896953755,-5.22436015177082
-5.09432572254272,76.7011956799385,-5.22432388995778
-5.09417757453049,76.704684105574,-5.22428762813977
-5.09402721272364,76.7081549663737,-5.22425136632254
-5.0938746675159,76.7116082555032,-5.224215104513
-5.0937199683876,76.7150439866096,-5.22417884269293
-5.09356314602982,76.7184621476332,-5.22414258087574
-5.09340423072537,76.7218627353369,-5.2241063190641
-5.0932432521773,76.7252457575617,-5.22407005724704
-5.09308024091518,76.728611206968,-5.22403379543237
-5.09291522682535,76.7319590872327,-5.22399753361433
-5.09274824042136,76.7352893912168,-5.22396127180055
-5.09257931160993,76.7386021231848,-5.2239250099847
-5.09240847069314,76.7418972794099,-5.22388874817029
-5.09223574777606,76.7451748607627,-5.22385248635524
-5.09206117280183,76.748434869967,-5.22381622453523
-5.09188477647657,76.7516772971859,-5.22377996272146
-5.09170658879407,76.7549021448986,-5.22374370091
-5.0915266394214,76.7581094204772,-5.22370743909096
-5.09134495906947,76.7612991145145,-5.22367117727514
-5.0911615778412,76.7644712277549,-5.22363491546092
-5.09097652572945,76.7676257621874,-5.22359865364515
-5.09078983297011,76.7707627163689,-5.223562391829
-5.09060152979857,76.7738820885653,-5.223526130014
-5.09041164625956,76.7769838805278,-5.22348986819749
-5.09022021268572,76.78006808907,-5.22345360638288
