-3.96159712849063,56.4892904729711,-7.5
-3.9715058871925,56.5104720366714,-7.5
-3.97399150776547,56.5157755251388,-7.5
-3.97648050483306,56.5210822496204,-7.5
-3.97897288045082,56.5263922086142,-7.5
-3.9814686366922,56.5317054006159,-7.5
-3.98396777561347,56.5370218241214,-7.5
-3.98647029928149,56.5423414776248,-7.5
-3.98897620975627,56.54766435962,-7.5
-3.9914855091015,56.5529904685993,-7.5
-3.99399819937319,56.558319803055,-7.5
-3.99651428263893,56.5636523614774,-7.5
-3.9990337609535,56.5689881423566,-7.5
-4.00155663637801,56.5743271441816,-7.5
-4.00408291097374,56.5796693654402,-7.5
-4.00661258678772,56.5850148046204,-7.5
-4.00914566589369,56.5903634602073,-7.5
-4.01168215033723,56.595715330687,-7.5
-4.01422204217733,56.6010704145436,-7.5
-4.01676534347026,56.6064287102608,-7.5
-4.01931205627122,56.6117902163209,-7.5
-4.02186218263721,56.6171549312055,-7.5
-4.02441572461274,56.6225228533961,-7.5
-4.02697268426601,56.6278939813714,-7.5
-4.02953306363527,56.6332683136112,-7.5
-4.03209686478464,56.6386458485929,-7.5
-4.03466408975444,56.6440265847942,-7.5
-4.03723474060547,56.6494105206906,-7.5
-4.03980881938118,56.6547976547579,-7.5
-4.04238632813913,56.6601879854699,-7.5
-4.0449672689169,56.6655815113007,-7.5
-4.04755164377529,56.6709782307222,-7.5
-4.05013945475344,56.6763781422063,-7.5
-4.05273070390279,56.6817812442237,-7.5
-4.05532539327336,56.6871875352438,-7.5
-4.05792352490072,56.6925970137363,-7.5
-4.06052510084283,56.6980096781681,-7.5
-4.063130123136,56.703425527007,-7.5
-4.06573859383088,56.7088445587187,-7.5
-4.06835051496623,56.7142667717687,-7.5
-4.0709658885862,56.7196921646212,-7.5
-4.0735847167374,56.7251207357394,-7.5
-4.076207001458,56.730552483586,-7.5
-4.07883274479044,56.7359874066225,-7.5
-4.08146194877534,56.7414255033096,-7.5
-4.08409461545204,56.7468667721071,-7.5
-4.08673074686425,56.7523112114735,-7.5
-4.08937034505024,56.7577588198668,-7.5
-4.09201341203777,56.7632095957448,-7.5
-4.0946599498805,56.7686635375624,-7.5
-4.09730996060722,56.7741206437755,-7.5
-4.09996344625537,56.7795809128383,-7.5
-4.10262040886163,56.7850443432041,-7.5
-4.10528085046004,56.7905109333255,-7.5
-4.10794477308886,56.7959806816537,-7.5
-4.11061217878011,56.8014535866397,-7.5
-4.11328306956469,56.8069296467333,-7.5
-4.11595744748206,56.812408860383,-7.5
-4.11863531455643,56.8178912260371,-7.5
-4.12131667283323,56.8233767421419,-7.5
-4.12400152432508,56.8288654071446,-7.5
-4.1266898710741,56.8343572194898,-7.5
-4.12938171511292,56.8398521776215,-7.5
-4.13207705846195,56.8453502799837,-7.5
-4.13477590315652,56.8508515250185,-7.5
-4.13747825122503,56.8563559111673,-7.5
-4.14018410468883,56.8618634368715,-7.5
-4.14289346557998,56.8673741005703,-7.5
-4.14560633592104,56.8728879007028,-7.5
-4.14832271775265,56.8784048357061,-7.5
-4.15104261306944,56.8839249040192,-7.5
-4.15376602392815,56.8894481040761,-7.5
-4.15649295233553,56.8949744343132,-7.5
-4.1592234003122,56.9005038931651,-7.5
-4.16195736989806,56.9060364790638,-7.5
-4.16469486309578,56.9115721904435,-7.5
-4.1674358819377,56.9171110257349,-7.5
-4.17018042843909,56.9226529833691,-7.5
-4.17292850463286,56.9281980617751,-7.5
-4.17568011251652,56.9337462593834,-7.5
-4.17843525413345,56.9392975746201,-7.5
-4.18119393148278,56.9448520059139,-7.5
-4.18395614658967,56.9504095516904,-7.5
-4.18672190147826,56.9559702103744,-7.5
-4.18949119815256,56.9615339803912,-7.5
-4.19226403863725,56.9671008601637,-7.5
-4.19504042494417,56.9726708481147,-7.5
-4.19782035909145,56.9782439426658,-7.5
-4.20060384308624,56.9838201422381,-7.5
-4.20339087895004,56.9893994452511,-7.5
-4.20618146868944,56.9949818501241,-7.5
-4.20897561432453,57.0005673552748,-7.5
-4.21177331786071,57.0061559591206,-7.5
-4.21457458130272,57.0117476600786,-7.5
-4.21737940668061,57.0173424565625,-7.5
-4.22018779598328,57.0229403469883,-7.5
-4.22299975123321,57.0285413297689,-7.5
-4.22581527443677,57.0341454033169,-7.5
-4.22863436759492,57.0397525660447,-7.5
-4.23145703272511,57.0453628163624,-7.5
-4.23428327182244,57.050976152681,-7.5
-4.23711308690707,57.0565925734085,-7.5
-4.23994647997601,57.0622120769537,-7.5
-4.24278345303111,57.0678346617241,-7.5
-4.24562400808258,57.0734603261257,-7.5
-4.24846814713509,57.0790890685641,-7.5
-4.25131587218251,57.0847208874443,-7.5
-4.25416718524412,57.090355781169,-7.5
-4.25702208830515,57.0959937481421,-7.5
-4.25988058337062,57.1016347867654,-7.5
-4.26274267244323,57.1072788954396,-7.5
-4.26560835752668,57.1129260725647,-7.5
-4.26847764062378,57.1185763165395,-7.5
-4.27135052370875,57.1242296257643,-7.5
-4.27422700881121,57.1298859986342,-7.5
-4.27710709790427,57.1355454335475,-7.5
-4.27999079300389,57.1412079288985,-7.5
-4.28287809609644,57.1468734830825,-7.5
-4.28576900916973,57.1525420944942,-7.5
-4.2886635342353,57.1582137615252,-7.5
-4.29156167327212,57.1638884825688,-7.5
-4.29446342829495,57.1695662560145,-7.5
-4.29736880126318,57.1752470802552,-7.5
-4.30027779420829,57.1809309536773,-7.5
-4.30319040909017,57.1866178746718,-7.5
-4.30610664791519,57.192307841625,-7.5
-4.30902651267711,57.1980008529236,-7.5
-4.31195000535366,57.2036969069542,-7.5
-4.31487712794135,57.2093960021013,-7.5
-4.31780788243403,57.2150981367484,-7.5
-4.32074227080914,57.2208033092796,-7.5
-4.32368029505638,57.2265115180768,-7.5
-4.32662195716759,57.2322227615212,-7.5
-4.32956725913153,57.237937037993,-7.5
-4.33251620292079,57.2436543458727,-7.5
-4.33546879052724,57.2493746835386,-7.5
-4.33842502394198,57.2550980493679,-7.5
-4.34138490514197,57.260824441738,-7.5
-4.34434843610668,57.2665538590252,-7.5
-4.34731561882314,57.2722862996044,-7.5
-4.35028645527228,57.2780217618498,-7.5
-4.35326094743586,57.2837602441347,-7.5
-4.3562390972985,57.2895017448313,-7.5
-4.359220906832,57.2952462623117,-7.5
-4.362206378015,57.3009937949468,-7.5
-4.36519551282879,57.3067443411061,-7.5
-4.36818831326677,57.3124978991574,-7.5
-4.37118478127579,57.3182544674709,-7.5
-4.37418491885254,57.3240140444123,-7.5
-4.37718872797807,57.3297766283476,-7.5
-4.38019621060598,57.3355422176436,-7.5
-4.38320736873526,57.3413108106631,-7.5
-4.38622220431538,57.3470824057715,-7.5
-4.38924071935103,57.3528570013291,-7.5
-4.39226291577914,57.3586345957005,-7.5
-4.39528879560147,57.3644151872444,-7.5
-4.39831836077159,57.3701987743222,-7.5
-4.40135161327144,57.3759853552923,-7.5
-4.40438855506664,57.3817749285132,-7.5
-4.40742918812231,57.3875674923427,-7.5
-4.41047351441255,57.3933630451369,-7.5
-4.41352153590718,57.3991615852514,-7.5
-4.41657325457355,57.4049631110408,-7.5
-4.41962867237387,57.4107676208596,-7.5
-4.42268779128224,57.4165751130599,-7.5
-4.42575061325379,57.4223855859947,-7.5
-4.42881714026056,57.4281990380148,-7.5
-4.43188737427776,57.4340154674695,-7.5
-4.43496131723876,57.4398348727108,-7.5
-4.43803897114636,57.445657252084,-7.5
-4.44112033792367,57.45148260394,-7.5
