-3.35315662944701,55.0327396142495,-1.77895536395248
-3.3640587948265,55.0628727161779,-1.77891910209419
-3.36694829719734,55.0709102638164,-1.77891003660251
-3.36982645249312,55.0789379732982,-1.77890097111236
-3.37269328267304,55.0869558389513,-1.77889190562028
-3.37554880514386,55.0949638425141,-1.77888284012833
-3.37839303871391,55.1029619695318,-1.77887377463692
-3.38122600262132,55.1109502067103,-1.77886470914594
-3.38404771648613,55.1189285418928,-1.77885564365484
-3.38685820021446,55.1268969636654,-1.77884657816272
-3.38965747163299,55.1348554547778,-1.77883751267124
-3.39244554996679,55.1428040018382,-1.77882844718041
-3.39522245571906,55.1507425951525,-1.77881938168862
-3.39798820727001,55.1586712188835,-1.77881031619696
-3.40074282306705,55.1665898574259,-1.77880125070642
-3.40348632473803,55.1744985042721,-1.77879218521405
-3.40621872923512,55.1823971394382,-1.77878311972276
-3.40894005627774,55.1902857509277,-1.77877405423202
-3.41165032655678,55.1981643294811,-1.77876498874011
-3.41434955790834,55.2060328575981,-1.77875592324889
-3.41703777053433,55.2138913246254,-1.77874685775728
-3.41971498339821,55.2217397162933,-1.77873779226577
-3.42238121559529,55.2295780186605,-1.77872872677471
-3.42503648684712,55.2374062196536,-1.77871966128366
-3.4276808175232,55.2452243090512,-1.77871059579139
-3.43031422524323,55.2530322685439,-1.7787015303002
-3.43293673004027,55.2608300869348,-1.77869246480928
-3.43554835198375,55.2686177530452,-1.77868339931787
-3.43814911039504,55.2763952535884,-1.77867433382609
-3.44073902417714,55.2841625739046,-1.77866526833471
-3.44331811272955,55.2919197008577,-1.77865620284381
-3.44588639660275,55.2996666246999,-1.77864713735205
-3.44844389436332,55.3074033297662,-1.77863807186063
-3.45099062561757,55.3151298034263,-1.77862900636947
-3.45352661010767,55.3228460335364,-1.7786199408783
-3.45605186790063,55.3305520088485,-1.77861087538644
-3.45856641743716,55.338247713203,-1.77860180989537
-3.46107027928601,55.3459331368634,-1.7785927444038
-3.46356347223398,55.353608264667,-1.77858367891279
-3.46604601653076,55.3612730859074,-1.77857461342149
-3.46851793211595,55.3689275889188,-1.77856554792949
-3.47097923730991,55.3765717569992,-1.77855648243854
-3.47342995283639,55.3842055808941,-1.77854741694721
-3.4758700979378,55.3918290467117,-1.77853835145606
-3.47829969253547,55.3994421426564,-1.77852928596477
-3.48071875675182,55.4070448575788,-1.77852022047275
-3.48312730892902,55.4146371747008,-1.77851115498186
-3.48552536982442,55.4222190848242,-1.77850208949068
-3.48791295927356,55.4297905758124,-1.77849302399909
-3.49029009642952,55.4373516334182,-1.77848395850788
-3.49265680143543,55.4449022464331,-1.77847489301654
-3.49501309398816,55.4524424022722,-1.77846582752517
-3.49735899385644,55.4599720885238,-1.77845676203381
-3.49969452064961,55.4674912923013,-1.7784476965427
-3.50201969466057,55.4750000028248,-1.77843863105121
-3.5043345353035,55.4824982065252,-1.77842956555989
-3.50663906256468,55.489985891637,-1.77842050006855
-3.50893329613661,55.497463045427,-1.77841143457742
-3.51121725629244,55.5049296570651,-1.77840236908592
-3.51349096246619,55.5123857129123,-1.7783933035947
-3.51575443475139,55.5198312015098,-1.77838423810346
-3.51800769317824,55.5272661111757,-1.77837517261204
-3.52025075742481,55.5346904290192,-1.77836610712079
-3.52248364751581,55.5421041433027,-1.77835704162958
-3.52470638362652,55.5495072427762,-1.77834797613807
-3.52691898535004,55.5568997142028,-1.77833891064681
-3.52912147261651,55.5642815454827,-1.77832984515585
-3.53131386597352,55.5716527265724,-1.77832077966439
-3.53349618507272,55.5790132443794,-1.77831171417293
-3.53566844974648,55.5863630864225,-1.77830264868173
-3.53783068019483,55.5937022414315,-1.77829358319054
-3.53998289657192,55.6010306979247,-1.77828451769921
-3.54212511881766,55.6083484437791,-1.77827545220788
-3.54425736692345,55.6156554669326,-1.77826638671667
-3.5463796610226,55.6229517558358,-1.7782573212255
-3.54849202141663,55.630237299483,-1.77824825573406
-3.55059446795022,55.6375120852838,-1.77823919024273
-3.55268702054089,55.6447761008886,-1.7782301247518
-3.55476969999343,55.6520293369936,-1.77822105926028
-3.55684252586206,55.6592717799677,-1.77821199376903
-3.55890551846433,55.6665034187386,-1.77820292827783
-3.56095869805667,55.6737242420897,-1.77819386278652
-3.56300208463346,55.6809342378154,-1.7781847972954
-3.56503569868032,55.6881333954614,-1.77817573180402
-3.5670595601497,55.6953217026234,-1.77816666631277
-3.5690736893247,55.7024991481361,-1.77815760082152
-3.57107810632073,55.7096657200974,-1.77814853533049
-3.57307283180773,55.7168214086604,-1.778139469839
-3.57505788563356,55.723966200983,-1.77813040434769
-3.57703328799052,55.7311000854854,-1.77812133885665
-3.57899905941583,55.7382230517286,-1.7781122733655
-3.58095522027456,55.7453350887013,-1.77810320787413
-3.58290179074849,55.7524361846833,-1.77809414238274
-3.5848387908922,55.7595263274693,-1.77808507689172
-3.58676624139849,55.7666055072238,-1.7780760114005
-3.5886841626017,55.773673712686,-1.77806694590911
-3.59059257452574,55.7807309315151,-1.77805788041805
-3.59249149790073,55.7877771539037,-1.77804881492675
-3.59438095290674,55.7948123680209,-1.77803974943553
-3.59626095985705,55.8018365625176,-1.7780306839445
-3.59813153958694,55.8088497279227,-1.77802161845299
-3.59999271193941,55.8158518511291,-1.77801255296188
-3.60184449763935,55.8228429222257,-1.77800348747072
-3.60368691714672,55.8298229303126,-1.77799442197947
-3.60551999072602,55.8367918637896,-1.77798535648841
-3.60734373921481,55.8437497131412,-1.77797629099695
-3.60915818260333,55.8506964656433,-1.77796722550587
-3.61096334165868,55.8576321115175,-1.77795816001471
-3.61275923684287,55.8645566397649,-1.77794909452353
-3.61454588871926,55.8714700398134,-1.77794002903224
-3.61632331769238,55.8783723004433,-1.77793096354102
-3.61809154422612,55.8852634106229,-1.77792189805
-3.61985058917173,55.892143360791,-1.77791283255867
-3.62160047280263,55.8990121391865,-1.77790376706749
-3.62334121571187,55.9058697352177,-1.77789470157642
-3.62507283868559,55.912716139064,-1.77788563608511
-3.62679536209604,55.9195513392475,-1.77787657059394
-3.62850880661577,55.9263753254637,-1.77786750510277
-3.63021319285801,55.9331880871349,-1.77785843961162
-3.63190854143435,55.9399896136554,-1.77784937412051
-3.63359487311176,55.9467798950802,-1.7778403086292
-3.63527220832638,55.9535589200362,-1.77783124313808
-3.63694056785864,55.9603266785993,-1.77782217764691
-3.63859997234868,55.9670831601808,-1.77781311215577
-3.64025044247386,55.9738283543784,-1.77780404666465
-3.64189199905765,55.9805622513578,-1.77779498117333
-3.64352466254048,55.9872848396855,-1.77778591568228
-3.64514845383888,55.9939961098694,-1.77777685019113
-3.64676339368352,56.0006960516352,-1.77776778469988
-3.64836950262427,56.0073846539442,-1.77775871920887
-3.64996680169828,56.0140619077621,-1.77774965371758
-3.651555311435,56.0207278019125,-1.77774058822642
-3.65313505259757,56.0273823261943,-1.7777315227354
-3.65470604616933,56.0340254712687,-1.77772245724418
-3.65626831278552,56.0406572263775,-1.77771339175301
-3.6578218732599,56.0472775814406,-1.77770432626191
-3.65936674847636,56.0538865266839,-1.77769526077073
-3.6609029591861,56.0604840517569,-1.77768619527961
-3.66243052627582,56.0670701468425,-1.77767712978846
-3.66394947055457,56.0736448017879,-1.77766806429735
-3.66545981293023,56.0802080068584,-1.77765899880619
-3.6669615742464,56.0867597519931,-1.77764993331503
-3.66845477533805,56.0933000270957,-1.77764086782395
-3.66993943718676,56.0998288226875,-1.77763180233279
-3.67141558062735,56.1063461286327,-1.77762273684165
-3.67288322654704,56.1128519349716,-1.77761367135059
-3.67434239597677,56.1193462324166,-1.77760460585941
-3.67579310976647,56.1258290108168,-1.77759554036827
-3.67723538883693,56.1323002603367,-1.77758647487719
-3.67866925420735,56.1387599715356,-1.77757740938607
-3.68009472681841,56.1452081346346,-1.77756834389495
-3.68151182763857,56.1516447399494,-1.77755927840383
-3.68292057765959,56.1580697778765,-1.77755021291271
-3.68432099786443,56.1644832387433,-1.77754114742161
-3.68571310926659,56.1708851130151,-1.77753208193051
-3.68709693291528,56.1772753912773,-1.77752301643937
-3.68847248976219,56.1836540636904,-1.7775139509483
-3.68983980091108,56.1900211210565,-1.77750488545719
-3.69119888740124,56.1963765538868,-1.77749581996606
-3.69254977025009,56.2027203525257,-1.77748675447498
-3.69389247055108,56.2090525077141,-1.77747768898389
-3.6952270093912,56.2153730101074,-1.77746862349278
-3.69655340784269,56.2216818502591,-1.77745955800169
-3.69787168701751,56.2279790189353,-1.77745049251058
-3.6991818679973,56.2342645067057,-1.7774414270195
-3.70048397192214,56.2405383043939,-1.77743236152842
-3.70177801991142,56.2468004027227,-1.77742329603733
-3.70306403311436,56.2530507925234,-1.77741423054624
-3.70434203266381,56.2592894645598,-1.77740516505515
-3.70561203971136,56.2655164096218,-1.77739609956408
-3.70687407545034,56.2717316187049,-1.77738703407299
-3.70812816103378,56.2779350825906,-1.77737796858191
-3.70937431765829,56.2841267922553,-1.77736890309084
-3.71061256651699,56.2903067386242,-1.77735983759976
-3.7118429288209,56.2964749127037,-1.77735077210869
-3.71306542578156,56.3026313054755,-1.77734170661761
-3.71428007862193,56.3087759079537,-1.77733264112655
-3.71548690858378,56.3149087112468,-1.77732357563548
-3.71668593691395,56.3210297064402,-1.77731451014441
-3.71787718485678,56.3271388846108,-1.77730544465334
-3.7190606736767,56.3332362369176,-1.77729637916228
-3.72023642464717,56.3393217545177,-1.77728731367123
-3.72140445906605,56.3453954286904,-1.77727824818016
-3.72256479821084,56.3514572505942,-1.7772691826891
-3.72371746337979,56.3575072114685,-1.77726011719804
-3.72486247589112,56.3635453026445,-1.77725105170699
-3.72599985706249,56.369571515403,-1.77724198621594
-3.72712962822683,56.3755858411205,-1.77723292072489
-3.72825181072004,56.3815882711404,-1.77722385523383
-3.7293664258872,56.3875787968439,-1.77721478974279
-3.73047349508965,56.3935574096832,-1.77720572425174
-3.73157303968856,56.3995241010919,-1.7771966587607
-3.73266508106469,56.4054788625643,-1.77718759326965
-3.73374964060115,56.4114216856016,-1.77717852777861
-3.73482673968945,56.4173525617347,-1.77716946228757
-3.73589639973022,56.4232714825244,-1.77716039679653
-3.7369586421388,56.4291784395758,-1.7771513313055
-3.7380134883361,56.4350734245105,-1.77714226581446
-3.73906095974606,56.4409564289569,-1.77713320032343
-3.74010107781212,56.4468274446049,-1.7771241348324
-3.74113386398134,56.4526864631615,-1.77711506934136
-3.74215933970584,56.4585334763496,-1.77710600385034
-3.74317752645057,56.464368475926,-1.77709693835931
-3.74418844569444,56.4701914537011,-1.77708787286828
-3.74519211891507,56.4760024014698,-1.77707880737726
-3.74618856760256,56.4818013110787,-1.77706974188624
-3.74717781325856,56.487588174408,-1.77706067639522
-3.74815987739226,56.4933629833567,-1.7770516109042
-3.74913478151785,56.4991257298518,-1.77704254541318
-3.75010254716243,56.5048764058473,-1.77703347992217
-3.75106319585977,56.5106150033359,-1.77702441443115
-3.75201674915111,56.5163415143247,-1.77701534894014
-3.75296322858766,56.5220559308553,-1.77700628344913
-3.75390265572974,56.5277582450008,-1.77699721795812
-3.75483505214506,56.5334484488579,-1.77698815246711
-3.78390147413202,56.7301659954386,-1.77666179479184
-3.7845889696045,56.7354028216476,-1.77665272930089
-3.78527025983121,56.7406272582477,-1.77664366380994
-3.78594536668149,56.7458392984418,-1.77663459831899
-3.7866143120335,56.7510389354614,-1.77662553282804
-3.78727711776957,56.7562261625653,-1.7766164673371
-3.78793380578372,56.7614009730454,-1.77660740184615
-3.78858439797292,56.7665633602171,-1.77659833635521
-3.78922891624197,56.7717133174258,-1.77658927086427
-3.7898673825042,56.7768508380478,-1.77658020537333
-3.7904998186774,56.7819759154815,-1.77657113988239
-3.79112624668971,56.7870885431651,-1.77656207439145
-3.79174668847194,56.7921887145487,-1.77655300890051
-3.79236116596369,56.7972764231353,-1.77654394340958
-3.79296970111424,56.8023516624327,-1.77653487791864
-3.79357231587114,56.8074144259747,-1.77652581242771
-3.79416903220017,56.812464707361,-1.77651674693678
-3.79475987206513,56.8175025001811,-1.77650768144585
-3.79534485743832,56.8225277980579,-1.77649861595492
-3.79592401030245,56.8275405946694,-1.77648955046399
-3.79649735264067,56.832540883697,-1.77648048497307
-3.79706490644669,56.8375286588451,-1.77647141948214
-3.79762669372075,56.8425039138786,-1.77646235399122
-3.79818273646911,56.8474666425659,-1.7764532885003
-3.79873305670353,56.8524168387025,-1.77644422300938
-3.79927767644234,56.8573544961291,-1.77643515751846
-3.79981661770893,56.862279608702,-1.77642609202754
-3.80034990253786,56.8671921703111,-1.77641702653663
-3.80087755296469,56.8720921748789,-1.77640796104571
-3.8013995910345,56.8769796163333,-1.7763988955548
-3.80191603879827,56.8818544886864,-1.77638983006389
-3.80242691830952,56.8867167859095,-1.77638076457297
-3.80293225163253,56.8915665020195,-1.77637169908207
-3.80343206083794,56.8964036311352,-1.77636263359116
-3.80392636799864,56.9012281672996,-1.77635356810025
-3.80441519519653,56.9060401046554,-1.77634450260935
-3.80489856451633,56.9108394373365,-1.77633543711844
-3.80537649805052,56.9156261595096,-1.77632637162754
-3.80584901790122,56.9204002653766,-1.77631730613665
-3.80631614617734,56.9251617492251,-1.77630824064574
-3.80677790498099,56.9299106052756,-1.77629917515484
-3.80723431643158,56.9346468278107,-1.77629010966394
-3.80768540265278,56.9393704111449,-1.77628104417305
-3.80813118577162,56.9440813496545,-1.77627197868215
-3.80857168792705,56.9487796377111,-1.77626291319126
-3.80900693125057,56.9534652696829,-1.77625384770038
-3.8094369378996,56.9581382400998,-1.77624478220947
-3.80986173001537,56.9627985433438,-1.77623571671857
-3.81028132975215,56.9674461738369,-1.77622665122771
-3.81069575928254,56.9720811262917,-1.77621758573681
-3.81110504077222,56.9767033951424,-1.77620852024592
-3.81150919638621,56.9813129749018,-1.77619945475505
-3.81190824831818,56.9859098603615,-1.77619038926415
-3.81230221873876,56.9904940459732,-1.77618132377328
-3.812691129845,56.9950655264841,-1.7761722582824
-3.81307500383505,56.9996242966212,-1.77616319279152
-3.81345386290524,57.0041703510749,-1.77615412730063
-3.81382772925747,57.0087036845277,-1.77614506180977
-3.81419662511661,57.0132242919029,-1.77613599631888
-3.81456057268535,57.0177321678664,-1.77612693082802
-3.8149195941925,57.0222273073307,-1.77611786533715
-3.81527371186965,57.0267097052093,-1.77610879984626
-3.81562294793904,57.0311793562702,-1.7760997343554
-3.81596732464733,57.0356362555552,-1.77609066886452
-3.81630686423169,57.0400803979694,-1.77608160337365
-3.81664158893684,57.0445117784214,-1.77607253788281
-3.81697152102878,57.0489303920541,-1.77606347239194
-3.81729668275625,57.0533362339078,-1.77605440690106
-3.81761709637723,57.0577292989081,-1.77604534141021
-3.81793278417843,57.0621095823677,-1.7760362759193
-3.81824376839762,57.0664770790405,-1.7760272104285
-3.81855007134783,57.0708317844781,-1.77601814493764
-3.81885171530827,57.0751736938654,-1.77600907944672
-3.81914872253431,57.079502802,-1.77600001395591
-3.81944111535095,57.0838191044884,-1.77599094846506
-3.81972891604056,57.0881225965211,-1.7759818829742
-3.82001214691525,57.092413273465,-1.77597281748331
-3.82029083026194,57.0966911303315,-1.77596375199251
-3.8205649884097,57.100956162891,-1.77595468650165
-3.82083464366913,57.1052083663646,-1.77594562101077
-3.82109981835581,57.1094477360647,-1.77593655551994
-3.82136053479473,57.1136742675478,-1.77592749002909
-3.82161681531691,57.1178879562126,-1.77591842453827
-3.8218686822625,57.1220887977214,-1.77590935904741
-3.82211615796442,57.1262767875336,-1.77590029355653
-3.82235926475584,57.1304519210244,-1.77589122806572
-3.82259802499276,57.1346141939545,-1.7758821625749
-3.82283246103602,57.1387636020594,-1.77587309708402
-3.82306259521413,57.1429001406468,-1.77586403159323
-3.82328844992148,57.1470238059027,-1.77585496610231
-3.82351004748953,57.1511345929078,-1.77584590061153
-3.82372741030338,57.1552324977853,-1.77583683512072
-3.82394056073947,57.1593175163883,-1.77582776962984
-3.82414952116316,57.1633896442363,-1.77581870413901
-3.82435431395943,57.1674488773188,-1.77580963864816
-3.82455496150907,57.1714952112366,-1.77580057315739
-3.8247514862137,57.175528642292,-1.77579150766653
-3.82494391046034,57.1795491661745,-1.77578244217567
-3.82513225663302,57.1835567786717,-1.77577337668487
-3.82531654714793,57.1875514759281,-1.77576431119405
-3.82549680439939,57.1915332538441,-1.77575524570326
-3.82567305080802,57.1955021086658,-1.7757461802124
-3.82584530878966,57.1994580364621,-1.77573711472147
-3.82601360072182,57.2034010325268,-1.7757280492308
-3.82617794906011,57.2073310938498,-1.77571898374001
-3.8263383762403,57.2112482167132,-1.77570991824906
-3.82649490465574,57.2151523964564,-1.77570085275828
-3.82664755675239,57.2190436297788,-1.77569178726748
-3.82679635496703,57.2229219127862,-1.77568272177669
-3.82694132173672,57.2267872418959,-1.77567365628585
-3.82708247950601,57.2306396133509,-1.77566459079499
-3.82721985070898,57.2344790230963,-1.77565552530425
-3.82735345780968,57.2383054679959,-1.77564645981342
-3.82748332324458,57.2421189440884,-1.77563739432264
-3.8276094694976,57.245919448232,-1.77562832883172
-3.82773191899443,57.2497069761976,-1.77561926334092
-3.82785069420046,57.2534815242977,-1.77561019785032
-3.82796581762418,57.2572430904116,-1.77560113235935
-3.82807731168646,57.2609916697129,-1.77559206686854
-3.82818519888285,57.2647272590061,-1.77558300137781
-3.82828950168829,57.2684498554903,-1.77557393588688
-3.8283902425753,57.2721594548984,-1.77556487039613
-3.82848744402269,57.2758560541942,-1.77555580490542
-3.82858112852299,57.2795396502135,-1.77554673941467
-3.82867131858983,57.2832102403699,-1.77553767392359
-3.82875803665708,57.2868678194382,-1.77552860843298
-3.8288413052594,57.2905123854243,-1.77551954294233
-3.828921146911,57.2941439361295,-1.77551047745121
-3.82899758405528,57.2977624657153,-1.77550141196071
-3.82907063925316,57.3013679736451,-1.77549234646976
-3.82914033498379,57.3049604555105,-1.77548328097888
-3.82920669374457,57.308539907689,-1.77547421548828
-3.82926973807783,57.3121063282071,-1.77546514999752
-3.82932949048727,57.3156597141773,-1.77545608450652
-3.82938597348019,57.3192000612359,-1.77544701901584
-3.82943920958069,57.3227273673457,-1.77543795352509
-3.82948922132776,57.3262416298025,-1.77542888803417
-3.82953603122126,57.3297428442296,-1.77541982254366
-3.82957966182329,57.3332310099775,-1.77541075705266
-3.82962013563659,57.3367061224596,-1.77540169156186
-3.82965747520208,57.3401681789778,-1.7753926260712
-3.8296917030647,57.3436171775289,-1.77538356058036
-3.8297228417552,57.347053114853,-1.77537449508952
-3.82975091381708,57.3504759878837,-1.77536542959882
-3.82977594179595,57.3538857943135,-1.77535636410809
-3.8297979482335,57.3572825315101,-1.77534729861729
-3.82981695568084,57.3606661968,-1.77533823312644
-3.82983298669428,57.3640367875555,-1.77532916763553
-3.82984606381921,57.3673942997893,-1.77532010214512
-3.82985620961436,57.3707387334441,-1.77531103665419
-3.82986344664126,57.374070084556,-1.77530197116331
-3.82986779745021,57.3773883499531,-1.77529290567274
-3.82986928461356,57.3806935290424,-1.77528384018172
-3.82986793069128,57.3839856172897,-1.77527477469109
-3.82986375824387,57.387264613524,-1.77526570920033
-3.8298567898499,57.3905305148666,-1.77525664370964
-3.82984704807247,57.3937833193558,-1.77524757821885
-3.82983455548633,57.3970230249986,-1.77523851272782
-3.8298193346735,57.4002496276301,-1.7752294472373
-3.82980140820257,57.4034631265224,-1.77522038174665
-3.82978079864985,57.4066635198769,-1.77521131625569
-3.82975752860323,57.4098508037889,-1.7752022507651
-3.82973162063285,57.4130249778382,-1.77519318527416
-3.82970309733033,57.4161860390271,-1.7751841197832
-3.82967198129582,57.4193339837077,-1.77517505429285
-3.82963829509795,57.4224688119182,-1.77516598880221
-3.8296020613145,57.4255905215841,-1.77515692331129
-3.82956330254409,57.4286991108479,-1.77514785782001
-3.82952204142325,57.431794574285,-1.77513879232976
-3.82947830049017,57.4348769132532,-1.77512972683917
-3.82943210236109,57.4379461258467,-1.77512066134821
-3.82938346962609,57.4410022085845,-1.77511159585752
-3.82933242487691,57.4440451613838,-1.77510253036634
-3.82927899076362,57.4470749789749,-1.77509346487607
-3.8292231898252,57.4500916628344,-1.77508439938535
-3.8291650446876,57.4530952101961,-1.77507533389456
-3.82910457795065,57.4560856198595,-1.77506626840347
-3.82904181225162,57.4590628876629,-1.77505720291305
-3.82897677016419,57.4620270142217,-1.77504813742234
-3.82890947427637,57.4649779980968,-1.77503907193124
-3.82883994727831,57.4679158343888,-1.77503000644107
-3.82876821167296,57.4708405262164,-1.77502094094988
-3.82869429015819,57.4737520682449,-1.77501187545918
-3.82861820532887,57.4766504594085,-1.77500280996878
-3.82853997974081,57.4795357005825,-1.77499374447766
-3.82845963607663,57.4824077877539,-1.77498467898686
-3.82837719696569,57.4852667189906,-1.77497561349654
-3.82829268495657,57.4881124950602,-1.77496654800579
-3.82820612266584,57.4909451145942,-1.77495748251458
-3.82811753279383,57.4937645735617,-1.77494841702399
-3.8280269379431,57.4965708711891,-1.77493935153377
-3.82793436064449,57.4993640090793,-1.77493028604271
-3.82783982357405,57.5021439838871,-1.77492122055162
-3.82774334941099,57.5049107927346,-1.77491215506117
-3.82764496072308,57.5076644360676,-1.77490308957066
-3.82754468011579,57.5104049130794,-1.7748940240799
-3.82744253024909,57.5131322219548,-1.77488495858915
-3.82733853369169,57.5158463622891,-1.77487589309809
-3.82723271314449,57.5185473315868,-1.77486682760728
-3.82712509125057,57.5212351279315,-1.77485776211703
-3.82701569059623,57.5239097519661,-1.77484869662665
-3.82690453367325,57.5265712052533,-1.77483963113505
-3.82679164333929,57.529219481369,-1.77483056564445
-3.8266770421906,57.5318545799969,-1.77482150015456
-3.82656075260976,57.534476506078,-1.77481243466296
-3.82644279753499,57.5370852517124,-1.77480336917251
-3.82632319945141,57.5396808191784,-1.7747943036819
-3.82620198100474,57.5422632071174,-1.77478523819131
-3.82607916476371,57.5448324158714,-1.77477617270026
-3.82595477345736,57.547388442688,-1.77476710720954
-3.82582882974499,57.5499312864552,-1.77475804171928
-3.82570135608288,57.5524609495495,-1.77474897622819
-3.82557237527805,57.5549774279708,-1.7747399107376
-3.82544190984072,57.5574807233882,-1.77473084524655
-3.82530998252905,57.5599708323164,-1.77472177975617
-3.82517661590787,57.5624477558578,-1.77471271426576
-3.82504183253468,57.5649114944873,-1.77470364877486
-3.82490565510093,57.5673620466363,-1.77469458328387
-3.82476810629495,57.5697994105576,-1.77468551779328
-3.82462920867964,57.5722235872079,-1.77467645230249
-3.82448898492677,57.5746345749845,-1.77466738681192
-3.82434745769848,57.5770323732647,-1.77465832132166
-3.82420464937489,57.5794169857037,-1.77464925583001
-3.82406058301247,57.5817884046872,-1.77464019033993
-3.82391528091596,57.5841466354003,-1.77463112484913
-3.82376876580418,57.5864916757554,-1.77462205935832
-3.82362106039419,57.5888235243736,-1.77461299386794
