-4.80187078981378,13.2579868960162,-2
-4.80279357536168,13.2603097151642,-2
-4.80305391698501,13.2609583445236,-2
-4.80332627518488,13.2616340772385,-2
-4.80361072907694,13.2623368797698,-2
-4.80390735770543,13.2630667184064,-2
-4.8042162400425,13.2638235592642,-2
-4.80453745498496,13.2646073682882,-2
-4.8048710813606,13.26541811125,-2
-4.8052171979205,13.2662557537503,-2
-4.80557588334407,13.2671202612177,-2
-4.80594721623208,13.2680115989105,-2
-4.80633127512088,13.2689297319122,-2
-4.80672813846011,13.2698746251394,-2
-4.80713788463173,13.2708462433347,-2
-4.80756059194275,13.2718445510696,-2
-4.80799633861925,13.2728695127466,-2
-4.80844520281382,13.2739210925968,-2
-4.80890726260802,13.2749992546786,-2
-4.80938259599492,13.2761039628842,-2
-4.80987128090175,13.2772351809315,-2
-4.81037339517311,13.2783928723704,-2
-4.81088901657615,13.2795770005805,-2
-4.81141822280057,13.2807875287715,-2
-4.81196109145922,13.2820244199827,-2
-4.81251770008133,13.2832876370858,-2
-4.81308812612381,13.2845771427808,-2
-4.81367244696012,13.2858928995998,-2
-4.81427073988291,13.2872348699063,-2
-4.8148830821085,13.2886030158935,-2
-4.81550955077135,13.2899972995865,-2
-4.81615022292413,13.2914176828421,-2
-4.81680517553866,13.2928641273486,-2
-4.81747448550811,13.2943365946252,-2
-4.81815822964007,13.2958350460241,-2
-4.81885648466387,13.2973594427285,-2
-4.81956932722393,13.2989097457544,-2
-4.82029683388139,13.3004859159505,-2
-4.82103908111923,13.3020879139964,-2
-4.82179614533224,13.3037157004058,-2
-4.8225681028314,13.3053692355256,-2
-4.82335502985022,13.3070484795332,-2
-4.82415700252833,13.3087533924425,-2
-4.82497409692969,13.3104839340976,-2
-4.82580638902657,13.3122400641785,-2
-4.82665395471304,13.3140217421962,-2
-4.82751686978792,13.315828927499,-2
-4.82839520997508,13.3176615792653,-2
-4.8292890509034,13.3195196565105,-2
-4.83019846812186,13.3214031180823,-2
-4.8311235370864,13.3233119226647,-2
-4.832064333172,13.3252460287741,-2
-4.83302093166032,13.327205394764,-2
-4.83399340774957,13.329189978821,-2
-4.83498183655056,13.3311997389667,-2
-4.83598629307751,13.3332346330609,-2
-4.83700685226785,13.3352946187943,-2
-4.83804358896178,13.3373796536964,-2
-4.83909657791089,13.339489695132,-2
-4.84016589378061,13.3416247003007,-2
-4.84125161114202,13.3437846262397,-2
-4.84235380448102,13.3459694298205,-2
-4.84347254818603,13.3481790677538,-2
-4.84460791656259,13.3504134965836,-2
-4.84575998381633,13.3526726726942,-2
-4.8469288240692,13.3549565523037,-2
-4.84811451134554,13.3572650914696,-2
-4.84931711958003,13.3595982460856,-2
-4.85053672261532,13.3619559718828,-2
-4.85177339419819,13.364338224431,-2
-4.85302720798534,13.3667449591369,-2
-4.85429823753967,13.3691761312451,-2
-4.85558655632725,13.3716316958395,-2
-4.85689223772507,13.3741116078407,-2
-4.85821535500933,13.37661582201,-2
-4.85955598136722,13.3791442929454,-2
-4.86091418988862,13.3816969750846,-2
-4.86229005356656,13.384273822705,-2
-4.8636836453013,13.3868747899221,-2
-4.8650950378936,13.3894998306922,-2
-4.86652430405173,13.3921488988098,-2
-4.86797151638395,13.3948219479105,-2
-4.86943674740499,13.3975189314686,-2
-4.87092006952678,13.4002398028006,-2
-4.8724215550715,13.4029845150606,-2
-4.87394127625654,13.4057530212456,-2
-4.87547930520369,13.4085452741926,-2
-4.87703571393735,13.411361226579,-2
-4.87861057438181,13.4142008309239,-2
-4.88020395836256,13.4170640395873,-2
-4.88181593760426,13.4199508047716,-2
-4.8834465837353,13.4228610785193,-2
-4.88509596827988,13.4257948127164,-2
-4.88676416266446,13.42875195909,-2
-4.88845123821533,13.4317324692093,-2
-4.89015726615429,13.434736294487,-2
-4.89188231760743,13.4377633861768,-2
-4.89362646359271,13.4408136953772,-2
-4.89538977503151,13.4438871730281,-2
-4.89717232273967,13.4469837699135,-2
-4.8989741774352,13.4501034366593,-2
-4.90079540972522,13.4532461237379,-2
-4.9026360901221,13.4564117814626,-2
-4.90449628902952,13.4596003599922,-2
-4.90637607675011,13.4628118093291,-2
-4.90827552348047,13.4660460793205,-2
-4.9101946993147,13.4693031196578,-2
-4.91213367424077,13.4725828798775,-2
-4.9140925181436,13.4758853093604,-2
-4.91607130080013,13.4792103573335,-2
-4.91807009188386,13.4825579728685,-2
-4.92008896096244,13.4859281048824,-2
-4.92212797749645,13.4893207021385,-2
-4.92418721084092,13.4927357132457,-2
-4.92626673024157,13.49617308666,-2
-4.92836660484181,13.499632770682,-2
-4.93048690367347,13.5031147134605,-2
-4.93262769566293,13.5066188629901,-2
-4.93478904962726,13.510145167113,-2
-4.93697103427619,13.5136935735183,-2
-4.93917371821188,13.5172640297419,-2
-4.9413971699251,13.5208564831685,-2
-4.94364145779894,13.5244708810299,-2
-4.94590665010817,13.5281071704055,-2
-4.94819281501535,13.5317652982237,-2
-4.95050002057532,13.5354452112607,-2
-4.95282833473076,13.5391468561419,-2
-4.9551778253148,13.5428701793411,-2
-4.95754856005008,13.5466151271809,-2
-4.95994060654703,13.5503816458337,-2
-4.9623540323036,13.5541696813215,-2
-4.9647889047103,13.5579791795146,-2
-4.96724529103878,13.5618100861354,-2
-4.96972325845423,13.5656623467544,-2
-4.97222287400786,13.5695359067929,-2
-4.97474420463411,13.5734307115239,-2
-4.97728731715989,13.5773467060692,-2
-4.97985227829366,13.5812838354033,-2
-4.98243915463382,13.5852420443503,-2
-4.98504801266093,13.5892212775873,-2
-4.98767891874531,13.5932214796412,-2
-4.99033193913841,13.5972425948924,-2
-4.99300713997939,13.6012845675722,-2
-4.99570458729167,13.6053473417643,-2
-4.99842434698205,13.6094308614053,-2
-5.00116648484246,13.6135350702839,-2
-5.00393106654887,13.6176599120419,-2
-5.00671815765884,13.6218053301746,-2
-5.00952782361531,13.6259712680301,-2
-5.01236012974434,13.6301576688099,-2
-5.01521514125235,13.6343644755701,-2
-5.01809292323083,13.6385916312197,-2
-5.02099354065086,13.6428390785231,-2
-5.02391705836793,13.6471067600978,-2
-5.02686354111762,13.6513946184167,-2
-5.02983305351493,13.6557025958084,-2
-5.03282566006079,13.6600306344543,-2
-5.03584142513225,13.6643786763934,-2
-5.03888041298802,13.6687466635192,-2
-5.0419426877679,13.6731345375811,-2
-5.04502831349092,13.6775422401843,-2
-5.04813735405498,13.6819697127907,-2
-5.05126987323841,13.6864168967182,-2
-5.05442593469834,13.6908837331415,-2
-5.0576056019689,13.6953701630925,-2
-5.06080893846579,13.6998761274596,-2
-5.0640360074793,13.7044015669894,-2
-5.06728687218093,13.708946422285,-2
-5.07056159561678,13.7135106338086,-2
-5.07386024071271,13.7180941418792,-2
-5.07718287026997,13.722696886675,-2
-5.08052954696672,13.7273188082325,-2
-5.08390033335985,13.7319598464461,-2
-5.08729529187794,13.7366199410708,-2
-5.09071448483002,13.7412990317193,-2
-5.09415797439824,13.7459970578644,-2
-5.09762582264064,13.7507139588387,-2
-5.10111809149114,13.7554496738341,-2
-5.10463484275612,13.7602041419036,-2
-5.10817613812006,13.7649773019595,-2
-5.11174203913842,13.7697690927756,-2
-5.11533260724273,13.7745794529859,-2
-5.1189479037366,13.7794083210861,-2
-5.12258798979933,13.7842556354323,-2
-5.1262529264808,13.7891213342434,-2
-5.12994277470496,13.7940053555993,-2
-5.13365759526985,13.7989076374416,-2
-5.13739744884242,13.8038281175754,-2
-5.14116239596538,13.808766733667,-2
-5.14495249705018,13.8137234232464,-2
-5.14876781238215,13.818698123706,-2
-5.15260840211624,13.8236907723019,-2
-5.1564743262797,13.8287013061531,-2
-5.16036564476926,13.833729662243,-2
-5.16428241735288,13.8387757774186,-2
-5.16822470366817,13.8438395883913,-2
-5.17219256322406,13.8489210317363,-2
-5.1761860553967,13.8540200438946,-2
-5.18020523943394,13.8591365611711,-2
-5.1842501744514,13.8642705197366,-2
-5.18832091943388,13.8694218556271,-2
-5.19241753323514,13.874590504744,-2
-5.19654007457668,13.8797764028552,-2
-5.2006886020482,13.8849794855943,-2
-5.20486317410785,13.8901996884613,-2
-5.20906384907989,13.8954369468234,-2
-5.21329068515765,13.9006911959141,-2
-5.2175437403997,13.9059623708345,-2
-5.22182307273263,13.9112504065528,-2
-5.22612873994893,13.916555237905,-2
-5.23046079970715,13.9218767995952,-2
-5.23481930953245,13.9272150261954,-2
-5.23920432681491,13.9325698521462,-2
-5.24361590881048,13.9379412117567,-2
-5.24805411264029,13.943329039205,-2
-5.25251899529013,13.9487332685385,-2
-5.25701061361064,13.9541538336738,-2
-5.26152902431677,13.9595906683975,-2
-5.26607428398768,13.9650437063658,-2
-5.27064644906611,13.9705128811053,-2
-5.32273202749246,14.0317196895661,-2
-5.32763141011457,14.0373772737317,-2
-5.33255841939886,14.0430501188182,-2
-5.33751310985578,14.0487381565619,-2
-5.34249553585572,14.0544413185731,-2
-5.34750575162889,14.0601595363367,-2
-5.35254381126525,14.0658927412118,-2
-5.35760976871367,14.0716408644327,-2
-5.36270367778249,14.0774038371087,-2
-5.3678255921387,14.0831815902244,-2
-5.37297556530777,14.0889740546403,-2
-5.37815365067361,14.0947811610926,-2
-5.38335990147819,14.1006028401938,-2
-5.38859437082112,14.1064390224327,-2
-5.39385711166004,14.112289638175,-2
-5.39914817680928,14.1181546176633,-2
-5.40446761894073,14.1240338910176,-2
-5.40981549058313,14.1299273882351,-2
-5.41519184412128,14.1358350391911,-2
-5.42059673179727,14.1417567736387,-2
-5.42603020570827,14.1476925212097,-2
-5.43149231780802,14.153642211414,-2
-5.43698311990575,14.1596057736408,-2
-5.44250266366572,14.1655831371583,-2
-5.44805100060799,14.1715742311139,-2
-5.45362818210632,14.1775789845352,-2
-5.45923425939095,14.183597326329,-2
-5.46486928354519,14.1896291852828,-2
-5.47053330550641,14.1956744900649,-2
-5.47622637606663,14.2017331692237,-2
-5.4819485458716,14.2078051511889,-2
-5.48769986542002,14.2138903642718,-2
-5.49348038506401,14.2199887366649,-2
-5.49929015500863,14.2261001964428,-2
-5.50512922531191,14.2322246715621,-2
-5.51099764588454,14.2383620898619,-2
-5.51689546648831,14.2445123790642,-2
-5.52282273673925,14.2506754667734,-2
-5.52877950610269,14.2568512804778,-2
-5.53476582389758,14.2630397475488,-2
-5.54078173929307,14.2692407952418,-2
-5.5468273013097,14.2754543506962,-2
-5.55290255881882,14.2816803409359,-2
-5.55900756054296,14.2879186928691,-2
-5.56514235505383,14.2941693332895,-2
-5.57130699077575,14.300432188875,-2
-5.57750151597936,14.3067071861905,-2
-5.58372597878778,14.3129942516855,-2
-5.58998042717394,14.3192933116953,-2
-5.59626490895722,14.3256042924429,-2
-5.60257947180872,14.3319271200366,-2
-5.60892416324825,14.3382617204719,-2
-5.61529903064069,14.3446080196325,-2
-5.62170412120498,14.3509659432877,-2
-5.62813948200355,14.3573354170961,-2
-5.63460515994768,14.363716366604,-2
-5.64110120179928,14.3701087172449,-2
-5.64762765416222,14.3765123943431,-2
-5.65418456349366,14.3829273231093,-2
-5.66077197609343,14.389353428645,-2
-5.66738993810952,14.3957906359409,-2
-5.67403849553644,14.4022388698772,-2
-5.68071769421592,14.4086980552238,-2
-5.68742757983457,14.4151681166415,-2
-5.6941681979248,14.4216489786816,-2
-5.70093959386521,14.4281405657864,-2
-5.70774181288093,14.4346428022885,-2
-5.71457490003982,14.4411556124134,-2
-5.72143890025694,14.4476789202772,-2
-5.72833385829059,14.4542126498887,-2
-5.73525981874576,14.4607567251483,-2
-5.74221682606832,14.4673110698504,-2
-5.74920492455234,14.4738756076807,-2
-5.75622415833217,14.4804502622195,-2
-5.76327457138893,14.4870349569394,-2
-5.77035620754438,14.493629615208,-2
-5.77746911046593,14.5002341602861,-2
-5.78461332366256,14.5068485153293,-2
-5.79178889048704,14.5134726033876,-2
-5.79899585413398,14.5201063474063,-2
-5.80623425764033,14.5267496702261,-2
-5.81350414388754,14.5334024945821,-2
-5.8208055555931,14.5400647431078,-2
-5.82813853532543,14.5467363383293,-2
-5.83550312548514,14.5534172026726,-2
-5.84289936832034,14.5601072584583,-2
-5.85032730591938,14.5668064279043,-2
-5.85778698020799,14.5735146331271,-2
-5.86527843295692,14.5802317961395,-2
-5.8728017057759,14.5869578388525,-2
-5.88035684011335,14.5936926830761,-2
-5.88794387725983,14.6004362505181,-2
-5.89556285834641,14.6071884627848,-2
-5.90321382434116,14.6139492413829,-2
-5.91089681605171,14.6207185077181,-2
-5.91861187413111,14.6274961830939,-2
-5.92635903905972,14.6342821887182,-2
-5.93413835117172,14.6410764456932,-2
-5.94194985062441,14.6478788750283,-2
-5.94979357742715,14.6546893976282,-2
-5.95766957141587,14.6615079343035,-2
-5.9655778722756,14.6683344057619,-2
-5.97351851952054,14.6751687326166,-2
-5.98149155250711,14.6820108353809,-2
-5.98949701042634,14.688860634472,-2
-5.99753493230892,14.6957180502086,-2
-6.00560535702364,14.7025830028123,-2
-6.01370832327134,14.7094554124097,-2
-6.02184386959263,14.7163351990302,-2
-6.03001203436647,14.7232222826061,-2
-6.03821285580436,14.7301165829757,-2
-6.04644637195502,14.7370180198814,-2
-6.05471262070511,14.7439265129696,-2
-6.06301163977408,14.750841981793,-2
-6.07134346671668,14.7577643458102,-2
-6.07970813892831,14.7646935243831,-2
-6.0881056936332,14.7716294367825,-2
-6.09653616788995,14.7785720021859,-2
-6.10499959860025,14.7855211396738,-2
-6.11349602249011,14.7924767682384,-2
-6.1220254761276,14.7994388067757,-2
-6.130587995908,14.8064071740925,-2
-6.13918361807003,14.8133817888996,-2
-6.14781237867309,14.8203625698213,-2
-6.15647431362564,14.8273494353845,-2
-6.16516945865466,14.8343423040308,-2
-6.17389784932656,14.8413410941087,-2
-6.18265952104929,14.8483457238726,-2
-6.19145450904682,14.8553561114938,-2
-6.20028284838922,14.8623721750481,-2
-6.20914457397025,14.8693938325254,-2
-6.21803972052373,14.8764210018232,-2
-6.22696832261007,14.8834536007526,-2
-6.23593041462206,14.8904915470356,-2
-6.24492603078667,14.8975347583051,-2
-6.25395520515982,14.904583152107,-2
-6.26301797162971,14.9116366458994,-2
-6.27211436391761,14.9186951570521,-2
-6.28124441557184,14.9257586028496,-2
-6.29040815997571,14.932826900488,-2
-6.29960563033479,14.9398999670805,-2
-6.30883685970458,14.9469777196461,-2
-6.3181018809417,14.9540600751304,-2
-6.32740072675895,14.9611469503823,-2
-6.336733429685,14.968238262172,-2
-6.34610002208519,14.9753339271816,-2
-6.35550053614673,14.9824338620122,-2
-6.364935003889,14.9895379831795,-2
-6.37440345717249,14.9966462071102,-2
-6.38390592766259,15.0037584501582,-2
-6.3934424468783,15.0108746285831,-2
-6.40301304615205,15.0179946585686,-2
-6.41261775664323,15.0251184562162,-2
-6.42225660935881,15.0322459375373,-2
-6.4319296351041,15.0393770184738,-2
-6.44163686454022,15.0465116148743,-2
-6.4513783281418,15.0536496425124,-2
-6.4611540562089,15.0607910170815,-2
-6.47096407888068,15.0679356541895,-2
-6.48080842610972,15.07508346937,-2
-6.49068712768796,15.0822343780713,-2
-6.50060021322669,15.0893882956654,-2
-6.51054771216812,15.0965451374433,-2
-6.52052965377381,15.10370481862,-2
-6.53054606714386,15.1108672543268,-2
-6.54059698119474,15.1180323596208,-2
-6.55068242467074,15.1252000494803,-2
-6.56080242614512,15.132370238805,-2
-6.57095701401616,15.139542842417,-2
-6.58114621650446,15.1467177750634,-2
-6.59137006166241,15.1538949514113,-2
-6.60162857735575,15.1610742860572,-2
-6.61192179129313,15.1682556935132,-2
-6.62224973099271,15.1754390882229,-2
-6.6326124238034,15.1826243845518,-2
-6.64300989689846,15.1898114967903,-2
-6.65344217727616,15.197000339154,-2
-6.66390929176226,15.2041908257828,-2
-6.67441126699125,15.211382870749,-2
-6.68494812944802,15.2185763880398,-2
-6.69551990541682,15.2257712915798,-2
-6.70612662101693,15.2329674952153,-2
-6.71676830219162,15.2401649127198,-2
-6.72744497470402,15.247363457796,-2
-6.73815666414172,15.2545630440738,-2
-6.7489033959172,15.2617635851106,-2
-6.7596851952624,15.2689649943939,-2
-6.77050208722968,15.2761671853413,-2
-6.78135409670996,15.2833700712923,-2
-6.7922412483908,15.2905735655276,-2
-6.80316356680535,15.2977775812474,-2
-6.81412107629681,15.3049820315875,-2
-6.82511380103005,15.3121868296144,-2
-6.83614176500244,15.3193918883209,-2
-6.84720499201379,15.3265971206396,-2
-6.85830350571029,15.3338024394233,-2
-6.86943732953387,15.3410077574686,-2
-6.88060648677084,15.3482129874937,-2
-6.89181100050874,15.3554180421584,-2
-6.90305089367126,15.3626228340486,-2
-6.9143261889975,15.3698272756859,-2
-6.92563690903852,15.3770312795291,-2
-6.93698307618462,15.3842347579631,-2
-6.94836471262765,15.3914376233149,-2
-6.95978184039188,15.398639787841,-2
-6.97123448131504,15.4058411637358,-2
-6.98272265706098,15.413041663126,-2
-6.99424638910806,15.4202411980765,-2
-7.00580569875293,15.4274396805885,-2
-7.01740060711724,15.4346370225973,-2
-7.02903113514576,15.441833135973,-2
-7.04069730358041,15.4490279325326,-2
-7.05239913301848,15.4562213240142,-2
-7.06413664383682,15.4634132221111,-2
-7.07590985626273,15.4706035384404,-2
-7.08771879032895,15.4777921845636,-2
-7.09956346587769,15.4849790719849,-2
-7.1114439025913,15.4921641121375,-2
-7.12336011994807,15.4993472164044,-2
-7.13531213726506,15.5065282960987,-2
-7.14729997365857,15.513707262482,-2
-7.15932364807507,15.5208840267509,-2
-7.17138317927527,15.5280585000442,-2
-7.18347858583673,15.535230593442,-2
-7.19560988615465,15.5424002179658,-2
-7.20777709844148,15.5495672845789,-2
-7.21998024072766,15.5567317041863,-2
-7.23221933086425,15.5638933876338,-2
-7.24449438650785,15.5710522457153,-2
