-3.35997640629459,55.0807078488449,-1.92017759019628
-3.37060811936636,55.1105197015971,-1.91948309811172
-3.37342730021488,55.1184777557235,-1.91930947509872
-3.37623527785672,55.1264258898652,-1.91913585208319
-3.37903207222389,55.1343640926596,-1.91896222904818
-3.38181770115321,55.1422923469233,-1.91878860602557
-3.38459218387869,55.1502106393217,-1.91861498301527
-3.38735554094058,55.1581189602072,-1.91844135998667
-3.39010779070656,55.1660172938075,-1.91826773696052
-3.39284895166281,55.1739056245791,-1.91809411395577
-3.39557904543599,55.1817839460543,-1.917920490916
-3.39829808900165,55.1896522383237,-1.91774686789706
-3.40100610209933,55.1975104894444,-1.91757324488852
-3.40370310543579,55.2053586902032,-1.91739962185753
-3.40638911685604,55.2131968231689,-1.91722599883987
-3.40906415658016,55.2210248777384,-1.91705237581467
-3.41172824359324,55.2288428397019,-1.9168787527913
-3.41438139698556,55.2366506951781,-1.91670512977663
-3.41702363651876,55.2444484321474,-1.91653150676222
-3.41965498256092,55.2522360404383,-1.91635788372451
-3.42227545275319,55.2600135018126,-1.91618426070726
-3.42488506715013,55.2677808051257,-1.91601063769536
-3.42748384582151,55.2755379392515,-1.9158370146739
-3.43007180811563,55.283284890961,-1.91566339164556
-3.4326489729508,55.2910216456567,-1.91548976862469
-3.4352153597439,55.2987481902603,-1.91531614561313
-3.43777098903899,55.3064645150729,-1.91514252258498
-3.44031587945016,55.314170604494,-1.9149688995635
-3.44285005056539,55.321866445951,-1.91479527654703
-3.44537352216857,55.3295520273548,-1.91462165353012
-3.4478863143188,55.3372273375109,-1.91444803050015
-3.45038844549289,55.3448923603266,-1.91427440748529
-3.45287993625429,55.3525470861144,-1.91410078446084
-3.45536080542274,55.3601914997759,-1.91392716144718
-3.45783107324708,55.3678255906568,-1.91375353842804
-3.46029075969281,55.3754493471454,-1.91357991539538
-3.46273988308341,55.3830627526097,-1.91340629238286
-3.46517846417235,55.3906657978424,-1.91323266936292
-3.46760652220671,55.3982584690133,-1.91305904634651
-3.47002407711908,55.4058407543823,-1.91288542332746
-3.47243114905154,55.4134126428531,-1.91271180029453
-3.47482775635971,55.4209741177183,-1.91253817728308
-3.4772139198122,55.4285251698275,-1.91236455426617
-3.47973017320215,55.4365143971506,-1.91219093124139
-3.48209525114787,55.4440451028476,-1.91201730822383
-3.48444994358943,55.4515653482606,-1.91184368520384
-3.48679427023867,55.4590751208622,-1.91167006218327
-3.48912825087629,55.4665744082974,-1.91149643916281
-3.49145190513624,55.4740631977382,-1.91132281614723
-3.49376525330721,55.4815414784566,-1.91114919312421
-3.49606831482483,55.4890092369444,-1.9109755701046
-3.49836110969369,55.4964664614914,-1.91080194708459
-3.50064365760845,55.5039131394227,-1.9106283240686
-3.50291597887672,55.5113492599609,-1.91045470104557
-3.50517809291896,55.5187748095283,-1.91028107802778
-3.50743001986255,55.5261897767209,-1.9101074550098
-3.50967177974119,55.5335941499121,-1.90993383198825
-3.51190339225058,55.5409879162708,-1.9097602089699
-3.51412487742627,55.5483710641152,-1.90958658595226
-3.51633625545722,55.5557435822495,-1.90941296292906
-3.51853754594773,55.5631054574979,-1.90923933991056
-3.52072876883931,55.570456677818,-1.90906571689788
-3.52290994469939,55.5777972332168,-1.90889209387554
-3.52508109319254,55.5851271106628,-1.90871847085325
-3.52724223415838,55.5924462977336,-1.90854484783592
-3.52939338781274,55.5997547832141,-1.90837122481876
-3.53153457431295,55.6070525556781,-1.90819760179894
-3.5336658136281,55.6143396030611,-1.90802397877909
-3.53578712574926,55.6216159133586,-1.90785035576157
-3.53789853083181,55.6288814750779,-1.90767673274474
-3.54000004918396,55.6361362772675,-1.90750310972276
-3.54209170065676,55.6433803073972,-1.90732948670294
-3.54417350519103,55.6506135531771,-1.90715586369087
-3.54624548360145,55.657836005352,-1.90698224066742
-3.54830765546128,55.6650476503554,-1.9068086176491
-3.55036004108196,55.6722484771698,-1.90663499463167
-3.55240266074193,55.6794384746346,-1.90646137161232
-3.55443553444531,55.6866176306038,-1.90628774859653
-3.55645868269482,55.6937859346764,-1.90611412557571
-3.55847212545593,55.7009433745088,-1.90594050255738
-3.56047588302251,55.708089938992,-1.9057668795392
-3.56246997551292,55.7152256162823,-1.90559325652503
-3.56445442361581,55.7223503965844,-1.90541963350219
-3.56642924719154,55.729464267119,-1.90524601048269
-3.56839446644522,55.7365672163648,-1.90507238746838
-3.57035010192193,55.7436592339362,-1.90489876445211
-3.57229617400198,55.7507403088783,-1.90472514143156
-3.57423270287257,55.7578104295296,-1.90455151841046
-3.57615970859596,55.7648695837461,-1.90437789539665
-3.57807721190095,55.7719177617449,-1.90420427237892
-3.57998523310682,55.7789549523217,-1.90403064935788
-3.58188379226155,55.7859811431986,-1.90385702634317
-3.58377291010321,55.7929963246198,-1.90368340332399
-3.58565260681594,55.8000004848144,-1.90350978030626
-3.58752290274124,55.806993612493,-1.90333615729217
-3.58938381870697,55.8139756982338,-1.90316253426889
-3.59123537458285,55.8209467289973,-1.90298891125335
-3.59307759109465,55.8279066949243,-1.90281528823672
-3.59491048871228,55.8348555851722,-1.90264166521844
-3.59673408772234,55.8417933882017,-1.90246804220384
-3.59854840896205,55.8487200945478,-1.90229441918155
-3.60035347243525,55.8556356915525,-1.90212079616648
-3.60214929892738,55.8625401694905,-1.90194717314982
-3.60393590889475,55.86943351742,-1.90177355013291
-3.60571332292303,55.8763157248261,-1.90159992711384
-3.60748156143157,55.883186780549,-1.90142630409618
-3.60924064488521,55.8900466736154,-1.90125268108217
-3.61099059414639,55.896895394516,-1.90107905806237
-3.61273142950279,55.9037329315528,-1.9009054350454
-3.61446317155203,55.9105592741908,-1.90073181203059
-3.61618584109637,55.9173744126635,-1.90055818901128
-3.61789945852129,55.9241783355551,-1.90038456599442
-3.61960404450337,55.9309710326168,-1.90021094297771
-3.62129961966482,55.9377524933287,-1.90003731996126
-3.62298620462524,55.9445227071429,-1.89986369694562
-3.624663820172,55.9512816641701,-1.89969007392625
-3.62633248673975,55.9580293530984,-1.89951645091035
-3.62799222513214,55.96476576406,-1.89934282789363
-3.62964305598693,55.9714908865236,-1.89916920487741
-3.63128499999128,55.9782047101447,-1.89899558186169
-3.63291807798706,55.9849072251447,-1.89882195884212
-3.6345423104142,55.9915984201528,-1.89864833582751
-3.63615771820994,55.9982782857312,-1.89847471281117
-3.63776432210204,56.0049468116623,-1.89830108979298
-3.63936214265733,56.0116039869702,-1.8981274667792
-3.640951200926,56.0182498026718,-1.89795384376011
-3.64253151743626,56.0248842476532,-1.89778022074355
-3.64410311297169,56.0315073117724,-1.89760659772966
-3.64566600851189,56.0381189857423,-1.89743297471186
-3.6472202247143,56.0447192588678,-1.89725935169525
-3.6487657823947,56.0513081211258,-1.89708572867968
-3.65030270244622,56.0578855627982,-1.89691210566275
-3.65183100563284,56.0644515735948,-1.89673848264692
-3.65335071284561,56.0710061437548,-1.89656485963059
-3.65486184490235,56.0775492631842,-1.89639123661507
-3.65636442272492,56.0840809222055,-1.89621761359851
-3.65785846716004,56.0906011108158,-1.89604399058196
-3.65934399905656,56.0971098189789,-1.89587036756693
-3.66082103940003,56.1036070372706,-1.89569674455018
-3.66228960903597,56.1100927556155,-1.895523121534
-3.6637497288574,56.1165669641125,-1.89534949851949
-3.66520141990915,56.123029653529,-1.89517587550252
-3.66664470304391,56.1294808137743,-1.8950022524862
-3.66807959919513,56.135920435072,-1.89482862947124
-3.66950612938764,56.1423485080373,-1.89465500645546
-3.67092431456796,56.1487650229497,-1.89448138343959
-3.67233417571969,56.1551699701842,-1.89430776042384
-3.67373573383959,56.1615633401947,-1.89413413740797
-3.67512900991811,56.1679451233671,-1.89396051439254
-3.676514024972,56.174315310224,-1.89378689137721
-3.67789080006294,56.1806738914085,-1.8936132683609
-3.67925935615134,56.1870208571418,-1.89343964534616
-3.68061971435193,56.1933561982823,-1.89326602233061
-3.68197189570551,56.1996799053987,-1.89309239931445
-3.68331592123755,56.2059919688954,-1.89291877629941
-3.68465181205064,56.2122923795706,-1.89274515328427
-3.68597958924118,56.2185811281377,-1.89257153026872
-3.68729927388508,56.2248582052087,-1.89239790725351
-3.6886108871059,56.2311236016077,-1.89222428423786
-3.68991444998841,56.2373773079632,-1.89205066122284
-3.69120998368356,56.2436193151568,-1.89187703820766
-3.69249750931739,56.2498496139696,-1.89170341519259
-3.69377704804184,56.2560681952904,-1.89152979217725
-3.69504862100489,56.2622750499426,-1.891356169162
-3.69631224935948,56.2684701687741,-1.89118254614725
-3.69756795430665,56.2746535428377,-1.89100892313195
-3.69881575700576,56.2808251629741,-1.89083530011702
-3.7000556786644,56.2869850202182,-1.89066167710201
-3.70128774047905,56.2931331055532,-1.89048805408712
-3.70251196367029,56.2992694100441,-1.89031443107212
-3.70372836945291,56.3053939247305,-1.8901408080572
-3.70493697905595,56.3115066406853,-1.88996718504251
-3.70613781373276,56.3176075490754,-1.88979356202768
-3.70733089473191,56.323696641044,-1.88961993901273
-3.70851624330702,56.3297739077273,-1.88944631599798
-3.70969388072851,56.3358393403424,-1.88927269298331
-3.71086382827478,56.3418929301048,-1.88909906996886
-3.71202610725142,56.3479346683518,-1.88892544695398
-3.71318073894035,56.3539645463006,-1.88875182393924
-3.71432774464873,56.3599825552499,-1.88857820092477
-3.71546714570208,56.3659886865887,-1.8884045779102
-3.71659896341737,56.3719829316561,-1.88823095489577
-3.71772321914119,56.3779652818874,-1.8880573318812
-3.71883993421017,56.3839357286843,-1.88788370886667
-3.7199491299758,56.3898942634866,-1.88771008585232
-3.72105082780878,56.3958408778053,-1.8875364628379
-3.7221450490739,56.4017755631324,-1.88736283982357
-3.72323181515767,56.4076983110207,-1.88718921680921
-3.72431114744854,56.4136091130298,-1.88701559379487
-3.72538306734156,56.4195079607491,-1.8868419707806
-3.72644759624763,56.4253948457987,-1.88666834776641
-3.72750475558498,56.4312697598416,-1.8864947247522
-3.72855456678012,56.4371326945581,-1.88632110173797
-3.72959705126232,56.4429836416355,-1.88614747872385
-3.73063223048045,56.4488225928221,-1.88597385570975
-3.73166012588384,56.4546495398831,-1.88580023269564
-3.73268075893441,56.4604644746009,-1.88562660968159
-3.73369415110188,56.4662673887908,-1.88545298666762
-3.73470032386869,56.4720582743214,-1.88527936365357
-3.73569929871529,56.4778371230462,-1.8851057406396
-3.7366910971396,56.4836039268711,-1.8849321176257
-3.73767574064792,56.4893586777345,-1.8847584946118
-3.7386532507532,56.4951013675943,-1.88458487159793
-3.73962364897553,56.500831988436,-1.88441124858408
-3.74058695684516,56.5065505322725,-1.88423762557029
-3.74154319590269,56.5122569911553,-1.8840640025565
-3.742492387692,56.5179513571501,-1.88389037954275
-3.74343455376921,56.5236336223572,-1.88371675652905
-3.74436971570067,56.5293037789087,-1.88354313351536
-3.74529789505565,56.5349618189595,-1.88336951050169
-3.74621911341536,56.5406077346924,-1.88319588748807
-3.74713339236897,56.5462415183222,-1.88302226447448
-3.74804075351372,56.5518631620904,-1.88284864146091
-3.77567980179449,56.7414689830619,-1.87677183600436
-3.77635214942734,56.7466491571157,-1.87659821299181
-3.77701838303891,56.7518169238222,-1.8764245899793
-3.77767852451774,56.7569722764994,-1.87625096696683
-3.77833259575561,56.7621152084962,-1.87607734395437
-3.77898061865214,56.7672457131861,-1.87590372094194
-3.77962261511609,56.7723637839732,-1.87573009792954
-3.78025860706043,56.7774694142913,-1.87555647491716
-3.7808886164077,56.7825625975975,-1.87538285190483
-3.78151266508396,56.7876433273874,-1.87520922889249
-3.78213077502278,56.7927115971692,-1.87503560588023
-3.7827429681683,56.7977674005049,-1.87486198286793
-3.78334926646836,56.8028107309596,-1.87468835985566
-3.78394969187286,56.8078415821252,-1.87451473684352
-3.78454426634995,56.8128599476604,-1.8743411138313
-3.785133011863,56.8178658212118,-1.87416749081912
-3.78571595038677,56.8228591964607,-1.87399386780703
-3.78629310390384,56.8278400671433,-1.8738202447949
-3.78686449440062,56.8328084269994,-1.87364662178279
-3.78743014387143,56.8377642697913,-1.87347299877078
-3.78799007431748,56.8427075893422,-1.87329937575874
-3.78854430774402,56.8476383794783,-1.87312575274672
-3.78909286616512,56.8525566340533,-1.87295212973476
-3.78963577160024,56.8574623469664,-1.87277850672281
-3.79017304607631,56.8623555121325,-1.87260488371089
-3.7907047116243,56.8672361234987,-1.872431260699
-3.79123079028263,56.8721041750463,-1.87225763768709
-3.79175130409475,56.8769596607606,-1.87208401467533
-3.79226627511544,56.8818025747131,-1.87191039166341
-3.79277572539731,56.8866329109327,-1.87173676865158
-3.79327967700394,56.8914506634938,-1.87156314563998
-3.79377815200813,56.8962558265747,-1.87138952262814
-3.79427117248207,56.9010483942757,-1.87121589961645
-3.79475876050746,56.905828360798,-1.87104227660469
-3.79524093817363,56.9105957203347,-1.87086865359299
-3.79571772756888,56.9153504671092,-1.8706950305814
-3.79618915079357,56.9200925953816,-1.87052140756997
-3.79665522995711,56.924822099498,-1.87034778455826
-3.79711598716809,56.9295389737387,-1.87017416154658
-3.7975714445411,56.9342432124431,-1.87000053853502
-3.79802162419828,56.9389348099836,-1.86982691552361
-3.79846654827105,56.9436137607962,-1.86965329251213
-3.7989062388901,56.9482800593085,-1.86947966950063
-3.79934071819549,56.9529336999491,-1.8693060464894
-3.79977000833835,56.9575746773054,-1.86913242347769
-3.80019413146022,56.9622029858173,-1.86895880046614
-3.80061310971648,56.9668186199644,-1.86878517745531
-3.80102696528291,56.9714215745211,-1.86861155444368
-3.801435720318,56.9760118439763,-1.86843793143217
-3.80183939698487,56.9805894229006,-1.8682643084213
-3.80223801748312,56.9851543061473,-1.86809068540961
-3.80263160397969,56.9897064882239,-1.86791706239856
-3.80302017866788,56.9942459639358,-1.8677434393875
-3.80340376374725,56.9987727280693,-1.86756981637617
-3.80378238141421,57.0032867753731,-1.86739619336482
-3.80415605386779,57.007788100587,-1.86722257035399
-3.8045248033336,57.0122766986943,-1.86704894734257
-3.80488865200925,57.0167525644168,-1.86687532433167
-3.80524762212722,57.0212156927274,-1.86670170132072
-3.805601735914,57.0256660785974,-1.86652807830933
-3.80595101559272,57.0301037168524,-1.86635445529853
-3.80629548340899,57.0345286025938,-1.86618083228738
-3.80663516159672,57.0389407307842,-1.86600720927627
-3.80697007239693,57.0433400963891,-1.86583358626577
-3.80730023807451,57.047726694611,-1.86565996325487
-3.80762568088376,57.0521005205508,-1.86548634024353
-3.80794642307609,57.0564615691897,-1.8653127172329
-3.80826248693034,57.0608098358988,-1.86513909422129
-3.80857389469053,57.0651453154897,-1.86496547121162
-3.80888066866596,57.069468003575,-1.86479184820079
-3.80918283113065,57.0737778953968,-1.86461822518879
-3.80948040434272,57.0780749858097,-1.86444460217888
-3.80977341061874,57.0823592704789,-1.86427097916823
-3.81006187224613,57.0866307446553,-1.86409735615743
-3.81034581152929,57.0908894037626,-1.86392373314599
-3.81062525075061,57.0951352428678,-1.8637501101364
-3.81090021224884,57.0993682578063,-1.86357648712541
-3.81117071831897,57.1035884438523,-1.86340286411432
-3.81143679128044,57.1077957963777,-1.86322924110397
-3.81169845345614,57.1119903109985,-1.86305561809344
-3.81195572716935,57.1161719831694,-1.86288199508337
-3.81220863476054,57.1203408086132,-1.86270837207247
-3.81245719855877,57.1244967828469,-1.86253474906132
-3.8127014408967,57.1286399013035,-1.86236112605138
-3.81294138412764,57.1327701598032,-1.86218750304131
-3.81317705060469,57.1368875541391,-1.86201388003018
-3.81340846266325,57.1409920796785,-1.86184025702067
-3.81363564268219,57.1450837326647,-1.86166663400877
-3.8138586130006,57.1491625082363,-1.8614930109994
-3.81407739598701,57.1532284025732,-1.86131938798951
-3.81429201402857,57.1572814115919,-1.86114576497837
-3.81450248947972,57.161321530866,-1.86097214196815
-3.81470884472652,57.165348756446,-1.86079851895752
-3.81491110214417,57.1693630839887,-1.86062489594845
-3.81510928412839,57.1733645098566,-1.86045127293762
-3.81530341306137,57.1773530297958,-1.86027764992675
-3.8154935113323,57.1813286396545,-1.86010402691701
-3.81567960134146,57.1852913356324,-1.85993040390701
-3.81586170548959,57.1892411136911,-1.85975678089749
-3.81603984619029,57.1931779701354,-1.85958315788672
-3.816214045848,57.1971019010899,-1.85940953487459
-3.81638432684976,57.2010129019071,-1.85923591186727
-3.81655071164576,57.2049109696398,-1.85906228885788
-3.81671322265515,57.2087961006247,-1.8588886658453
-3.81687188227197,57.2126682902567,-1.85871504283608
-3.81702671294515,57.2165275352991,-1.85854141982626
-3.81717773709823,57.2203738319119,-1.85836779681681
-3.81732497716985,57.2242071765739,-1.85819417380648
-3.81746845559991,57.2280275655862,-1.85802055079559
-3.81760819480866,57.2318349949468,-1.85784692778706
-3.81774421727303,57.2356294615869,-1.85767330477681
-3.81787654541399,57.2394109615981,-1.85749968176745
-3.81800520170384,57.2431794918966,-1.85732605875543
-3.81813020857947,57.2469350483141,-1.85715243574591
-3.81825158849703,57.2506776272191,-1.85697881274007
-3.81836936393985,57.254407226549,-1.856805189727
-3.81848355735772,57.2581238415411,-1.85663156671723
-3.81859419120505,57.2618274690464,-1.8564579437088
-3.81870128798614,57.2655181063382,-1.85628432069677
-3.81880487014413,57.2691957491944,-1.85611069768803
-3.81890496016933,57.272860394645,-1.85593707467998
-3.81900158054034,57.2765120395817,-1.85576345167127
-3.81909475375622,57.2801506814767,-1.85558982865627
-3.81918450226751,57.2837763151617,-1.85541620565023
-3.81927084858939,57.2873889387017,-1.85524258264336
-3.81935381521866,57.2909885499571,-1.85506895962759
-3.81943342462509,57.2945751431468,-1.85489533662374
-3.81950969933313,57.2981487177936,-1.8547217136112
-3.81958266183413,57.3017092695479,-1.85454809059999
-3.81965233461876,57.305256794843,-1.85437446759418
-3.8197187402084,57.3087912917629,-1.85420084458516
-3.81978190111423,57.3123127574845,-1.85402722157166
-3.81984183984129,57.3158211876974,-1.85385359856428
-3.81989857890264,57.3193165804253,-1.85367997555557
-3.8199521408213,57.3227989330196,-1.85350635254354
-3.82000254811039,57.3262682411628,-1.85333272953957
-3.82004982329785,57.3297245042632,-1.85315910652601
-3.82009398890908,57.3331677177958,-1.8529854835163
-3.82013506746978,57.3365978791182,-1.85281186050935
-3.82017308150591,57.3400149862841,-1.85263823749882
-3.82020805355753,57.3434190360961,-1.85246461448843
-3.82024000615328,57.3468100255412,-1.85229099148066
-3.82026896183265,57.3501879523724,-1.85211736847225
-3.82029494313515,57.3535528140177,-1.85194374546267
-3.82031797260589,57.3569046078622,-1.85177012245201
-3.82033807278488,57.3602433313326,-1.8515964994402
-3.82035526621527,57.3635689804957,-1.85142287643807
-3.82036957545084,57.3668815553645,-1.85124925342582
-3.82038102304346,57.3701810520259,-1.85107563041457
-3.82038963153942,57.3734674673649,-1.85090200740942
-3.82039542350693,57.376740800856,-1.85072838439549
-3.82039842149142,57.3800010480114,-1.85055476138904
-3.82039864805006,57.3832482077253,-1.85038113838017
-3.82039612575507,57.3864822771758,-1.85020751537261
-3.82039087716012,57.3897032544601,-1.85003389236313
-3.82038292483052,57.3929111376444,-1.84986026934896
-3.82037229135187,57.3961059226187,-1.84968664634462
-3.82035899926383,57.399287608711,-1.84951302333789
-3.82034307114999,57.402456194189,-1.84933940032515
-3.82032452958656,57.4056116751978,-1.84916577731956
-3.82030339714396,57.408754051386,-1.84899215430716
-3.82027969639241,57.4118833198049,-1.84881853129445
-3.82025344994577,57.4149994768681,-1.84864490829327
-3.82022468033629,57.4181025226685,-1.84847128528675
-3.82019341015872,57.4211924552005,-1.8482976622748
-3.82015966197717,57.4242692726542,-1.84812403925591
-3.82012345844092,57.4273329696587,-1.84795041625677
-3.82008482208894,57.4303835476472,-1.84777679325107
-3.8200437754849,57.4334210047531,-1.84760317023836
-3.82000034126488,57.4364453375712,-1.84742954723071
-3.81995454197514,57.4394565460677,-1.84725592421385
-3.81990640027926,57.4424546250275,-1.84708230121438
-3.81985593869611,57.4454395759933,-1.84690867820621
-3.81980317984651,57.4484113962551,-1.84673505519676
-3.81974814630007,57.4513700846628,-1.84656143218145
-3.81969086073367,57.4543156371256,-1.84638780917904
-3.81963134566937,57.4572480543066,-1.8462141861712
-3.81956962370183,57.460167334833,-1.84604056315577
-3.81950571751348,57.4630734738516,-1.84586694015814
-3.81943964959478,57.465966474556,-1.8456933171409
-3.81937144263165,57.468846331654,-1.84551969413325
-3.81930111922341,57.4717130441461,-1.84534607113111
-3.81922870190401,57.4745666129691,-1.84517244811538
-3.81915421334056,57.477407034156,-1.84499882510559
-3.81907767617463,57.4802343058408,-1.84482520210515
-3.81899911292407,57.483048428848,-1.84465157909648
-3.81891854620963,57.4858494018736,-1.84447795607903
-3.81883599872126,57.4886372209346,-1.84430433307337
-3.81875149305265,57.4914118853181,-1.84413071007476
-3.81866505170146,57.4941733966853,-1.84395708705999
-3.81857669735742,57.4969217517519,-1.84378346404491
-3.81848645269963,57.4996569476972,-1.84360984104196
-3.81839434026528,57.5023789850216,-1.84343621803775
-3.81830038266592,57.5050878629854,-1.84326259502887
-3.81820460252802,57.507783579818,-1.84308897202018
-3.8181070224292,57.5104661351847,-1.84291534900551
-3.81800766505934,57.5131355266425,-1.84274172599552
-3.81790655305942,57.5157917523342,-1.84256810299644
-3.81780370897055,57.5184348129501,-1.84239447999476
-3.81767089326872,57.5217101217507,-1.84222085696979
-3.81756407710807,57.5243272604106,-1.84204723396389
-3.81745559608403,57.5269312284901,-1.84187361097171
-3.81734547254081,57.5295220309938,-1.84169998794679
-3.81723372941253,57.5320996600578,-1.84152636494379
-3.81712038918338,57.5346641180328,-1.84135274193768
-3.81700547448579,57.5372154036142,-1.84117911893209
-3.81688900787339,57.5397535172026,-1.84100549591767
-3.8167710120788,57.5422784561029,-1.8408318729095
-3.81665150973103,57.5447902192492,-1.84065824991018
-3.81653052328663,57.5472888090909,-1.84048462689488
-3.81640807553408,57.54977422167,-1.8403110038893
-3.81628418897861,57.5522464587232,-1.84013738087474
-3.81615888638882,57.5547055168232,-1.83996375787318
-3.8160321902829,57.5571513971176,-1.83979013487095
-3.81590412322936,57.5595841001524,-1.83961651185936
-3.81577470789138,57.5620036244042,-1.83944288884611
-3.81564396697218,57.5644099681915,-1.83926926584048
-3.81551192298525,57.5668031325138,-1.83909564283081
-3.81537859864701,57.5691831158495,-1.83892201982565
-3.81524401656658,57.5715499176113,-1.83874839682624
-3.8151081991078,57.5739035415221,-1.83857477380031
-3.81497116934634,57.5762439800163,-1.8384011508044
-3.81483294954249,57.5785712383372,-1.83822752779479
-3.81469356244475,57.5808853144694,-1.83805390478493
-3.81455303071331,57.5831862070644,-1.83788028178325
