-4.83717601320401,13.625408022318,-2.10262775550009
-4.85230035971146,13.6719023551047,-2.1008573176201
-4.85603142908934,13.6834833780467,-2.10041474283337
-4.85974209945861,13.6950457316264,-2.09997217897803
-4.86343243314617,13.7065894271379,-2.099529624527
-4.86710248950751,13.7181144671206,-2.09908707827105
-4.87075232183355,13.7296208354565,-2.09864453969797
-4.87438198731953,13.7411085285576,-2.09820200781794
-4.87799154160876,13.7525775382794,-2.09775948180755
-4.88158103635874,13.7640278440426,-2.09731696131245
-4.88515052184507,13.7754594209648,-2.09687444614286
-4.88870005630037,13.7868722697688,-2.09643193512736
-4.8922296897921,13.7982663652713,-2.09598942808251
-4.89573946836743,13.8096416692843,-2.09554692532819
-4.8992294515166,13.8209981871677,-2.09510442550547
-4.90269968522331,13.8323358807003,-2.09466192893576
-4.90615021754694,13.8436547182655,-2.09421943569043
-4.9095811060563,13.8549546994902,-2.09377694462483
-4.91299239547783,13.8662357819708,-2.09333445623126
-4.91638413504535,13.8774979380007,-2.09289197043361
-4.91975637985841,13.8887411594053,-2.09244948638877
-4.92310917553614,13.8999654065954,-2.09200700448899
-4.92644257248293,13.911170655837,-2.0915645245061
-4.92975662182909,13.9223568858803,-2.09112204611382
-4.93305137081171,13.9335240623819,-2.09067956950806
-4.93632687004374,13.9446721623372,-2.09023709443672
-4.93958317077943,13.9558011649761,-2.0897946205585
-4.9428203190553,13.9669110317497,-2.08935214824766
-4.9460383658709,13.9780017409634,-2.08890967720558
-4.94923736188933,13.9890732698236,-2.08846720717801
-4.95241735489373,14.0001255856184,-2.0880247383146
-4.9555783937275,14.011158659191,-2.08758227062545
-4.95872052924316,14.0221724683594,-2.08713980383876
-4.96184381015013,14.0331669834712,-2.08669733798988
-4.96494828561949,14.0441421764233,-2.08625487305429
-4.96803400558883,14.0550980217929,-2.08581240890008
-4.97110101788157,14.0660344866408,-2.0853699457092
-4.97414937374643,14.0769515500982,-2.08492748316694
-4.97717912251478,14.0878491845192,-2.08448502124142
-4.98019031138897,14.0987273545604,-2.08404256022688
-4.98318299237635,14.1095860420248,-2.08360009970349
-4.9861572136897,14.1204252150931,-2.08315763982502
-4.98911302441857,14.1312448450191,-2.08271518062067
-4.99205047496145,14.1420449077568,-2.08227272192401
-4.99496961478697,14.152825375873,-2.08183026371454
-4.99787049257387,14.163586218958,-2.08138780610303
-5.00075315822497,14.1743274110377,-2.08094534901467
-5.00361766212027,14.1850489278865,-2.08050289230207
-5.00646405306853,14.195750739404,-2.08006043607403
-5.00929238090599,14.2064328192447,-2.0796179802816
-5.01210269525071,14.2170951402029,-2.07917552491642
-5.01489504595751,14.227737675918,-2.078733069937
-5.01766948230103,14.2383603977712,-2.07829061540444
-5.0204260554576,14.2489632843176,-2.07784816106772
-5.0231648132131,14.2595463011741,-2.07740570724999
-5.02588580638046,14.2701094254041,-2.0769632537734
-5.02858908583171,14.2806526343136,-2.07652080045061
-5.03127469957264,14.2911758940997,-2.07607834759404
-5.0339426985974,14.301679182428,-2.07563589500809
-5.03659313270537,14.3121624723,-2.07519344270924
-5.03922605204637,14.3226257380184,-2.07475099065905
-5.04184150630078,14.3330689520126,-2.07430853890823
-5.04443954577561,14.3434920890914,-2.07386608740311
-5.04702022048697,14.3538951228808,-2.07342363614797
-5.04958358038949,14.3642780266881,-2.07298118516579
-5.05212967611993,14.3746407765022,-2.07253873435976
-5.05465855724726,14.3849833439745,-2.07209628383781
-5.0571702745965,14.395305705738,-2.07165383348055
-5.05966487797652,14.4056078342833,-2.07121138336574
-5.0621424176994,14.4158897040773,-2.07076893348326
-5.06460294459239,14.4261512916066,-2.07032648373117
-5.06704650844968,14.436392569131,-2.0698840342117
-5.06947316000027,14.4466135126323,-2.06944158485474
-5.07188294948499,14.4568140960515,-2.06899913569163
-5.07427592726323,14.4669942937606,-2.06855668673766
-5.07665214437782,14.4771540828989,-2.06811423787838
-5.07901165080733,14.4872934361329,-2.06767178921997
-5.08135449733028,14.4974123294026,-2.06722934071441
-5.08368073447725,14.5075107375514,-2.06678689237132
-5.08599041292184,14.5175886359677,-2.06634444417791
-5.08828358340355,14.5276460002588,-2.06590199611479
-5.09056029661384,14.5376828057883,-2.06545954817886
-5.09282060304214,14.547699026963,-2.06501710041968
-5.09506455372085,14.5576946404933,-2.06457465277581
-5.09729219956871,14.5676696225275,-2.06413220521787
-5.09950359091794,14.5776239466158,-2.06368975785309
-5.10169877906273,14.5875575904286,-2.06324731058404
-5.10387781488115,14.597470529769,-2.06280486341232
-5.10604074919915,14.6073627401629,-2.06236241635868
-5.10818763288155,14.6172341972217,-2.06191996944453
-5.11031851713534,14.6270848780207,-2.06147752261969
-5.11243345293285,14.6369147585499,-2.061035075895
-5.11453249119532,14.6467238144871,-2.06059262930284
-5.11666930816035,14.6567917867394,-2.06015018277176
-5.11873693488904,14.6665620968993,-2.05970773636386
-5.12078881084491,14.6763115137867,-2.05926529003509
-5.12282498715098,14.6860400137503,-2.05882284380098
-5.12484551492944,14.6957475730754,-2.05838039768571
-5.1268504456095,14.7054341693871,-2.05793795164557
-5.12883983057095,14.7150997800561,-2.05749550565484
-5.13081372088924,14.7247443809546,-2.05705305977557
-5.13277216794051,14.73436794929,-2.05661061400161
-5.13471522333981,14.7439704633507,-2.05616816827119
-5.13664293831884,14.7535518995517,-2.05572572263205
-5.13855536438007,14.7631122355222,-2.05528327706926
-5.14045255299424,14.7726514486889,-2.05484083158428
-5.14233455569839,14.7821695167261,-2.05439838616965
-5.14420142405926,14.7916664174065,-2.05395594081728
-5.14605320960516,14.8011421282411,-2.05351349553952
-5.14788996390865,14.810596626892,-2.05307105034551
-5.14971173872773,14.820029891878,-2.05262860519934
-5.15151858567602,14.8294419009505,-2.05218616011537
-5.15331055645382,14.8388326322158,-2.05174371509249
-5.15508770270861,14.8482020634649,-2.05130127015418
-5.15685007631032,14.8575501735266,-2.05085882526698
-5.15859772907514,14.8668769409114,-2.05041638042165
-5.16033071272546,14.8761823435946,-2.04997393564735
-5.16204907915504,14.8854663603419,-2.04953149093065
-5.16375288022305,14.8947289697092,-2.04908904627662
-5.16544216792261,14.9039701508532,-2.04864660165839
-5.16711699412746,14.9131898822625,-2.04820415709659
-5.16877741076526,14.9223881426435,-2.04776171260435
-5.1704234699382,14.9315649115453,-2.04731926814685
-5.17205522362293,14.9407201677994,-2.04687682374081
-5.17367272386936,14.9498538905705,-2.04643437938762
-5.17527602278422,14.95896605925,-2.04599193507989
-5.17686517245594,14.9680566530756,-2.0455494908263
-5.17844022508296,14.9771256517939,-2.04510704660791
-5.1800012328155,14.9861730348605,-2.04466460243104
-5.18154824779485,14.9951987816066,-2.044222158317
-5.18308132235668,15.004202872341,-2.0437797142269
-5.18460050868571,15.0131852865164,-2.04333727018641
-5.18610585904532,15.022146003931,-2.04289482620424
-5.1875974258815,15.0310850053231,-2.04245238222968
-5.18907526139388,15.0400022700412,-2.04200993831573
-5.19053941800525,15.0488977785747,-2.04156749444193
-5.19198994813595,15.0577715113514,-2.04112505059832
-5.19342690418057,15.0666234485994,-2.04068260679589
-5.19485033859593,15.0754535708241,-2.04024016303244
-5.19626030387033,15.0842618586578,-2.03979771930311
-5.19765685251243,15.0930482927799,-2.0393552756063
-5.19904003702221,15.1018128537699,-2.03891283195495
-5.20040991000955,15.1105555227568,-2.03847038832749
-5.20176652402832,15.1192762805113,-2.03802794473643
-5.20310993169173,15.1279751080688,-2.03758550118133
-5.20444018566264,15.1366519866885,-2.0371430576514
-5.20575733856954,15.145306897408,-2.03670061416046
-5.20706144311099,15.1539398215657,-2.03625817070617
-5.20835255204049,15.1625507407883,-2.03581572727017
-5.20963071806467,15.1711396363623,-2.03537328386902
-5.21089599395614,15.1797064899146,-2.03493084049932
-5.21214843251338,15.1882512831469,-2.03448839715914
-5.21338808655267,15.1967739978371,-2.03404595384782
-5.21461500893529,15.2052746159512,-2.03360351055655
-5.21582925248521,15.2137531191848,-2.03316106730778
-5.21703087013749,15.2222094898416,-2.03271862407955
-5.21821991481504,15.230643710097,-2.03227618086869
-5.21939643941915,15.2390557619436,-2.0318337376968
-5.22056049694527,15.2474456278816,-2.0313912945486
-5.22171214038883,15.2558132903599,-2.03094885142148
-5.22285142275026,15.2641587318112,-2.03050640832296
-5.22397839707599,15.2724819348812,-2.03006396524958
-5.22509311643841,15.2807828823332,-2.02962152219535
-5.22619563390639,15.2890615568524,-2.02917907917073
-5.22728600260434,15.2973179414142,-2.02873663616723
-5.22836427566402,15.305552018982,-2.02829419318654
-5.22943050623949,15.3137637726207,-2.02785175022957
-5.23048474751622,15.3219531855225,-2.02740930729385
-5.23152705269319,15.3301202409235,-2.02696686438192
-5.23255747500259,15.3382649222218,-2.02652442148922
-5.23357606768313,15.3463872128018,-2.02608197862252
-5.23458288402549,15.354487096315,-2.02563953576992
-5.23557797730684,15.3625645563019,-2.0251970929417
-5.23656140084475,15.3706195764981,-2.02475465013718
-5.23753320799234,15.3786521408089,-2.02431220734698
-5.23849345209551,15.3866622330745,-2.02386976457967
-5.23944218654732,15.3946498373567,-2.02342732182917
-5.24037946474195,15.4026149377081,-2.02298487910151
-5.2413053401128,15.4105575183681,-2.0225424363916
-5.24221986610795,15.4184775636391,-2.02209999369792
-5.24312309619146,15.426375057871,-2.02165755102481
-5.24401508385448,15.4342499855585,-2.02121510837023
-5.24489588261073,15.4421023312928,-2.02077266573165
-5.24576554599072,15.4499320797324,-2.02033022311002
-5.24662412754119,15.4577392156049,-2.0198877805098
-5.24747168084585,15.4655237238298,-2.01944533792192
-5.2483082594899,15.4732855893109,-2.0190028953525
-5.24913391708874,15.4810247970977,-2.0185604528005
-5.24994870727789,15.4887413323412,-2.01811801026369
-5.25075268370866,15.4964351802579,-2.01767556774407
-5.25154590005825,15.5041063261873,-2.01723312523929
-5.25232841001759,15.5117547555425,-2.01679068275006
-5.25310026730005,15.5193804538375,-2.0163482402761
-5.25386152563697,15.5269834066734,-2.0159057978183
-5.25461223878082,15.5345635997568,-2.01546335537571
-5.25535246050355,15.5421210188938,-2.01502091294623
-5.25608224459329,15.5496556499614,-2.01457847053203
-5.25680164485798,15.5571674789436,-2.01413602813304
-5.25751071512673,15.5646564919297,-2.01369358574699
-5.25820950924349,15.5721226750814,-2.01325114337586
-5.25889808107355,15.5795660146733,-2.01280870101797
-5.25957648449893,15.5869864970646,-2.01236625867361
-5.26024477341923,15.5943841087077,-2.0119238163433
-5.26090300175447,15.6017588361593,-2.01148137402543
-5.26155122343984,15.6091106660582,-2.01103893172117
-5.26218949242887,15.6164395851461,-2.01059648942965
-5.26281786269381,15.6237455802568,-2.01015404715062
-5.26343638822211,15.6310286383156,-2.00971160488462
-5.26404512302177,15.6382887463484,-2.00926916263049
-5.26464412111413,15.645525891469,-2.00882672038902
-5.26523343653992,15.6527400608908,-2.0083842781594
-5.26581312335533,15.6599312419193,-2.0079418359416
-5.26638323563414,15.6670994219542,-2.00749939373585
-5.26694382746659,15.6742445884921,-2.00705695154151
-5.26749495295824,15.681366729122,-2.00661450935864
-5.26803666623188,15.6884658315285,-2.00617206718717
-5.26856902142566,15.6955418834909,-2.00572962502684
-5.26909207269436,15.7025948728831,-2.0052871828775
-5.26960587420741,15.7096247876733,-2.00484474073917
-5.27011048015144,15.7166316159252,-2.00440229861155
-5.27506975025557,15.7921796961707,-1.9995354358813
-5.27546824133483,15.7989085894147,-1.99909299387302
-5.27585824261243,15.8056142495742,-1.99865055187392
-5.27623980847773,15.8122966660409,-1.99820810988392
-5.2766129933328,15.8189558283017,-1.99776566790287
-5.27697785159299,15.8255917259384,-1.99732322593072
-5.27733443768669,15.8322043486279,-1.99688078396732
-5.27768280605598,15.8387936861422,-1.99643834201255
-5.2780230111548,15.8453597283486,-1.99599590006641
-5.27835510745027,15.8519024652091,-1.99555345812871
-5.27867914942187,15.8584218867811,-1.99511101619936
-5.27899519156156,15.8649179832172,-1.99466857427832
-5.27930328837353,15.8713907447648,-1.99422613236539
-5.27960349437381,15.8778401617672,-1.99378369046065
-5.27989586409056,15.8842662246621,-1.99334124856389
-5.2801804520638,15.8906689239822,-1.99289880667487
-5.28045731284472,15.8970482503573,-1.9924563647939
-5.2807265009967,15.9034041945095,-1.99201392292046
-5.28098807109379,15.909736747259,-1.99157148105479
-5.28124207772156,15.9160458995199,-1.99112903919675
-5.28148857547675,15.9223316423002,-1.99068659734592
-5.28172761896644,15.9285939667071,-1.99024415550282
-5.28195926280907,15.9348328639385,-1.98980171366684
-5.28218356163332,15.9410483252914,-1.98935927183823
-5.28240057007869,15.9472403421534,-1.98891683001634
-5.28261034279421,15.9534089060139,-1.98847438820173
-5.28281293443917,15.959554008458,-1.98803194639497
-5.28300839968454,15.9656756411525,-1.98758950459419
-5.28319679320918,15.971773795873,-1.98714706279998
-5.28337816970175,15.9778484644933,-1.98670462101327
-5.28355258386125,15.9838996389725,-1.98626217923336
-5.28372009039624,15.989927311366,-1.98581973745972
-5.28388074402402,15.9959314738289,-1.9853772956925
-5.28403459947101,16.0019121186119,-1.98493485393184
-5.28418171147216,16.0078692380635,-1.98449241217821
-5.28432213477321,16.0138028246127,-1.98404997043002
-5.28445592412569,16.0197128708063,-1.98360752868871
-5.28458313429149,16.0255993692719,-1.98316508695376
-5.28470382004106,16.0314623127301,-1.98272264522435
-5.28481803615129,16.0373016940148,-1.98228020350188
-5.28492583740918,16.0431175060314,-1.98183776178485
-5.28502727860938,16.0489097417963,-1.98139532007357
-5.28512241455202,16.0546783944245,-1.98095287836876
-5.28521130004809,16.0604234571093,-1.98051043666915
-5.28529398991277,16.0661449231706,-1.98006799497681
-5.2853705389716,16.0718427859828,-1.97962555328952
-5.28544100205818,16.0775170390203,-1.9791831116056
-5.28550543400515,16.0831676759264,-1.97874066993073
-5.28556388966267,16.0887946903359,-1.97829822826014
-5.28561642388287,16.0943980760223,-1.97785578659349
-5.28566309151931,16.0999778269136,-1.97741334493587
-5.28570394744431,16.1055339369012,-1.97697090328008
-5.28573904652502,16.1110664000956,-1.97652846163034
-5.28576844363622,16.1165752106844,-1.97608601998899
-5.28579219366947,16.1220603628343,-1.97564357834828
-5.28581035150529,16.1275218509906,-1.97520113671627
-5.28582297204465,16.1329596695383,-1.97475869508769
-5.28583011018757,16.1383738130333,-1.97431625346364
-5.28583182083393,16.1437642761608,-1.97387381184788
-5.28582815890355,16.1491310535731,-1.97343137023393
-5.28581917930912,16.1544741401365,-1.9729889286247
-5.28580493696957,16.159793530801,-1.97254648702203
-5.28578548681154,16.1650892205787,-1.97210404542521
-5.28576088376953,16.1703612045445,-1.97166160383119
-5.28573118277767,16.1756094779221,-1.97121916224087
-5.28569643877039,16.1808340360722,-1.97077672065795
-5.28565670669596,16.1860348743522,-1.97033427907917
-5.28561204150223,16.1912119882491,-1.96989183750374
-5.28556249814009,16.1963653733799,-1.96944939593315
-5.28550813156224,16.2014950254566,-1.96900695436878
-5.28544899673216,16.2066009402144,-1.96856451280733
-5.28538514861129,16.2116831135565,-1.96812207125015
-5.28531664216318,16.2167415414782,-1.96767962969839
-5.28524353235762,16.2217762200284,-1.96723718815053
-5.28516587416786,16.2267871453861,-1.96679474660715
-5.28508372256976,16.2317743137946,-1.966352305067
-5.28499713253698,16.2367377216536,-1.96590986353242
-5.2849061590516,16.2416773653939,-1.96546742200193
-5.28481085709563,16.2465932415749,-1.96502498047597
-5.28471128165788,16.2514853468047,-1.96458253895233
-5.28460748771451,16.2563536779295,-1.96414009743674
-5.28449953027214,16.2611982316135,-1.96369765591965
-5.28438746430628,16.2660190049452,-1.96325521440941
-5.28427134480896,16.270815994947,-1.9628127729056
-5.28415122679219,16.2755891985752,-1.96237033139932
-5.28402716522129,16.2803386133254,-1.96192788990482
-5.28389921511854,16.2850642362808,-1.96148544841003
-5.28376743147848,16.2897660648893,-1.96104300691682
-5.28363186928101,16.2944440968119,-1.9606005654328
-5.2834925835457,16.2990983294789,-1.96015812394936
-5.28334962926913,16.3037287606075,-1.95971568246746
-5.28320306143535,16.3083353881506,-1.95927324099457
-5.28305293505709,16.312918209878,-1.9588307995249
-5.28289930515527,16.3174772236146,-1.95838835805103
-5.2827422266861,16.3220124278255,-1.95794591659055
-5.28258175469012,16.32652382034,-1.95750347512759
-5.2824179441451,16.3310113996288,-1.95706103367097
-5.2822508500541,16.3354751640311,-1.9566185922194
-5.28208052743403,16.3399151118758,-1.95617615076685
-5.28190703126665,16.3443312418533,-1.9557337093191
-5.28173041655547,16.3487235525746,-1.95529126787415
-5.28155073827731,16.3530920429588,-1.954848826439
-5.28136805146409,16.3574367115608,-1.9544063850014
-5.28118241109471,16.3617575574471,-1.95396394356658
-5.28099387216561,16.3660545796209,-1.95352150213315
-5.28080248963683,16.370327777474,-1.95307906071133
-5.2806083185328,16.3745771499592,-1.95263661929004
-5.28041141385907,16.3788026962662,-1.9521941778641
-5.2802118305482,16.3830044162007,-1.95175173644854
-5.28000962360583,16.387182309144,-1.95130929503793
-5.27980484803829,16.3913363744993,-1.95086685362444
-5.2795975587895,16.3954666122335,-1.95042441221786
-5.2793878108449,16.3995730220866,-1.94998197081573
-5.27917565921087,16.403655603701,-1.94953952940877
-5.27896115879901,16.4077143575058,-1.94909708801274
-5.27874436458569,16.411749283522,-1.94865464662498
-5.27852533161486,16.4157603813428,-1.94821220522467
-5.27830411475688,16.4197476519363,-1.9477697638359
-5.27808076898461,16.4237110955223,-1.94732732245321
-5.27785534928439,16.4276507123518,-1.94688488106896
-5.27762791059484,16.4315665030671,-1.94644243968582
-5.27739850782826,16.4354584685676,-1.94599999831163
-5.27716719597219,16.4393266092848,-1.94555755693557
-5.27693402993237,16.4431709262973,-1.94511511556496
-5.27669906462866,16.4469914206246,-1.94467267420208
-5.27646235511276,16.4507880924623,-1.94423023281986
-5.27622395609646,16.4545609444127,-1.94378779146473
-5.27598392261606,16.4583099769063,-1.94334535011104
-5.27574230963325,16.462035190924,-1.94290290874809
-5.27549917198728,16.46573658838,-1.94246046739104
-5.27525456459518,16.4694141706992,-1.94201802603684
-5.27500854231331,16.4730679397506,-1.94157558469307
-5.27476116011688,16.4766978967194,-1.94113314334389
-5.27451247284111,16.4803040437298,-1.9406907019988
-5.27426253536638,16.4838863826821,-1.94024826065768
-5.27401140259559,16.4874449153954,-1.93980581931533
-5.27375912934739,16.4909796442854,-1.93936337798096
-5.27350577051464,16.4944905713236,-1.93892093664835
-5.27325138094783,16.4979776988238,-1.93847849531834
-5.27299601557338,16.5014410286878,-1.93803605397777
-5.27273972902376,16.5048805646923,-1.93759361266237
-5.27248257631143,16.5082963082968,-1.93715117134169
-5.27222461232403,16.5116882617777,-1.93670873000551
-5.27196589164798,16.5150564293706,-1.93626628869326
-5.27170646923168,16.5184008130768,-1.935823847382
-5.2714463998933,16.521721415766,-1.93538140606969
-5.27118573853145,16.5250182398686,-1.93493896474065
-5.2709245396313,16.5282912903811,-1.93449652344241
-5.27066285822522,16.5315405690159,-1.93405408213599
-5.27040074907623,16.5347660791732,-1.93361164082327
-5.27013826673954,16.537967825537,-1.93316919953554
-5.26987546634059,16.5411458094307,-1.93272675821848
-5.26961240223221,16.5443000368105,-1.93228431692949
-5.26934912938843,16.5474305100095,-1.93184187563493
-5.2690857025911,16.5505372325499,-1.93139943432806
-5.2688221762359,16.5536202101987,-1.93095699305332
-5.26855860542983,16.5566794446949,-1.93051455175717
-5.2682950446495,16.5597149414297,-1.93007211047022
-5.26803154863921,16.562726704294,-1.92962966918556
-5.26776817212323,16.5657147373371,-1.92918722789788
-5.26750496965608,16.5686790456119,-1.92874478662251
-5.26724199599151,16.5716196330998,-1.92830234534821
-5.26697930586431,16.5745365039081,-1.92785990406491
-5.26671695379187,16.5774296634089,-1.92741746278837
-5.26645499434377,16.5802991167031,-1.92697502152598
-5.26619348236664,16.5831448674107,-1.92653258025096
-5.26593247234812,16.5859669211954,-1.92609013897887
-5.26567201881737,16.5887652834458,-1.92564769771712
-5.26541217648393,16.5915399586874,-1.92520525645265
-5.26515299983352,16.5942909526221,-1.92476281519541
-5.26489454360715,16.5970182697038,-1.92432037392726
-5.26463686218251,16.5997219162634,-1.92387793266712
-5.26438001003034,16.6024018982176,-1.92343549142296
-5.26412404198076,16.6050582196438,-1.92299305016367
-5.26386901237744,16.6076908871533,-1.92255060890775
-5.26361497572282,16.6102999065928,-1.92210816765605
-5.26336198639298,16.6128852844791,-1.92166572642064
-5.26311009927163,16.6154470247666,-1.9212232851619
-5.26285936847592,16.6179851353528,-1.92078084391512
-5.26260984839413,16.6204996227768,-1.920338402687
-5.26236159392204,16.6229904910563,-1.91989596143462
-5.26211465908878,16.625457748574,-1.91945352019631
-5.26186909842462,16.6279014012939,-1.91901107896245
-5.26162496641356,16.6303214553616,-1.91856863772554
-5.26138231734474,16.63271791797,-1.9181261964955
-5.26114120565485,16.6350907955858,-1.91768375526724
-5.26090168592833,16.6374400940091,-1.91724131402214
-5.26066381201326,16.6397658226209,-1.91679887280403
-5.26042763861534,16.6420679866852,-1.91635643158135
-5.2601932201615,16.6443465928445,-1.91591399034581
-5.25996061053237,16.6466016503954,-1.91547154913372
-5.25972986450659,16.6488331643419,-1.91502910790507
-5.25950103596348,16.6510411440164,-1.91458666669296
-5.25927417951533,16.6532255953146,-1.91414422547005
-5.25904934919166,16.6553865268672,-1.91370178425393
-5.25882659925801,16.6575239462266,-1.91325934304234
-5.25860598405322,16.6596378606787,-1.91281690182688
-5.25838755764309,16.6617282787455,-1.91237446061831
-5.25817137442632,16.663795207466,-1.91193201940138
-5.25795748815189,16.6658386568462,-1.9114895782075
-5.25774595359548,16.6678586322603,-1.91104713699193
-5.25753682447435,16.6698551439358,-1.91060469578621
-5.25733015491066,16.67182820022,-1.9101622545903
-5.25712599932883,16.6737778082039,-1.90971981338293
-5.25692441156871,16.6757039775543,-1.90927737218192
-5.25672544573413,16.6776067168126,-1.90883493098576
-5.25652915584521,16.6794860348865,-1.90839248979721
-5.25633559627085,16.6813419392077,-1.90795004859532
-5.2561448208514,16.6831744395255,-1.90750760739292
-5.25595688314599,16.684983546807,-1.90706516621903
-5.25577183805517,16.6867692662722,-1.90662272501626
-5.25558973886561,16.6885316100928,-1.90618028382849
-5.25541063968376,16.6902705869266,-1.90573784264654
-5.25523459486522,16.6919862044419,-1.90529540144566
-5.25506165738336,16.6936784761186,-1.90485296028323
-5.25489188231255,16.6953474066515,-1.90441051908985
-5.2547253228879,16.6969930084517,-1.9039680779046
-5.25456203300721,16.698615291153,-1.90352563672577
-5.25440206662346,16.7002142642095,-1.90308319554775
-5.25424547747364,16.7017899380023,-1.90264075437653
-5.25409231973434,16.7033423210718,-1.90219831319185
-5.25394264672102,16.7048714255506,-1.90175587202084
-5.2537965124488,16.7063772606887,-1.90131343085036
-5.2536539707185,16.7078598366532,-1.90087098967847
-5.25351507527161,16.7093191638668,-1.90042854850539
-5.25337987979437,16.7107552529768,-1.89998610733309
-5.25324843774012,16.712168115596,-1.89954366617461
-5.25312080325536,16.7135577605561,-1.89910122500606
-5.25299702979277,16.714924199498,-1.89865878383849
