-3.38057216789908,55.2383664923806,-3.83230920138797
-3.39102925754268,55.2692209793066,-3.83092099343488
-3.39361662978338,55.2769091636407,-3.83057394141004
-3.39619327979238,55.2845871440832,-3.83022688942607
-3.39875922768041,55.29225490966,-3.82987983745283
-3.40131449357514,55.2999124494158,-3.82953278546045
-3.40385909687467,55.3075597503114,-3.82918573345434
-3.40639305654072,55.3151967979522,-3.82883868146315
-3.4089163920362,55.3228235794496,-3.82849162949057
-3.4114291239844,55.3304400852623,-3.82814457748484
-3.41393127102094,55.3380463000038,-3.82779752549243
-3.41642285280215,55.3456422112866,-3.82745047351004
-3.41890388915153,55.3532278072032,-3.82710342152677
-3.42137440019553,55.3608030767318,-3.82675636951738
-3.42383440443913,55.3683680039996,-3.82640931753822
-3.42628392251079,55.3759225794784,-3.82606226553987
-3.42872297327762,55.383466788281,-3.8257152135631
-3.43115157703205,55.3910006199218,-3.82536816157537
-3.43356975379177,55.3985240629676,-3.82502110956061
-3.43597752193828,55.4060371010136,-3.82467405758611
-3.43837490225891,55.413539725008,-3.8243270055968
-3.44076191406276,55.4210319213216,-3.82397995361452
-3.44313857732915,55.4285136783947,-3.82363290162697
-3.44550491223925,55.4359849853056,-3.82328584961167
-3.44786093720423,55.4434458255779,-3.82293879763932
-3.45020667305139,55.4508961902166,-3.82259174565605
-3.45254213965479,55.4583360673269,-3.82224469365704
-3.45486735625186,55.4657654429316,-3.82189764167247
-3.45718234303449,55.4731843060528,-3.82155058968304
-3.45948711977199,55.4805926443546,-3.82120353769245
-3.46178170627748,55.4879904456726,-3.82085648570209
-3.46406612224306,55.4953776973742,-3.82050943372147
-3.46634038800341,55.5027543889055,-3.820162381726
-3.46860452304464,55.5101205069616,-3.81981532973731
-3.47085854739762,55.5174760400173,-3.81946827774786
-3.4731024808314,55.5248209755931,-3.81912122576641
-3.47533634368057,55.5321553030872,-3.81877417377091
-3.47756015542481,55.5394790091276,-3.81842712178589
-3.47990710917435,55.5472408785344,-3.81808006980047
-3.48211061600263,55.554543840815,-3.81773301780794
-3.48430413087923,55.5618361462272,-3.81738596582178
-3.48648767390757,55.569117783275,-3.81703891383705
-3.4886612653119,55.5763887409434,-3.8166918618412
-3.49082492474193,55.5836490062595,-3.81634480985476
-3.49297867218352,55.5908985673721,-3.81599775787995
-3.49512252824696,55.5981374144558,-3.81565070588582
-3.49725651264267,55.6053655346819,-3.81530365389179
-3.49938064525017,55.6125829158244,-3.81495660190768
-3.50149494634439,55.6197895468513,-3.8146095499239
-3.50359943611292,55.6269854165215,-3.81426249793482
-3.5056941345708,55.634170512964,-3.81391544594567
-3.50777906175625,55.6413448243673,-3.81356839396118
-3.50985423785675,55.6485083394258,-3.81322134197806
-3.51191968323383,55.6556610473696,-3.81287428998465
-3.51397541778897,55.6628029358689,-3.81252723799558
-3.5160214614889,55.6699339928319,-3.81218018602199
-3.51805783519705,55.6770542091648,-3.81183313402564
-3.5200845585268,55.6841635715157,-3.81148608203955
-3.52210165183545,55.6912620690508,-3.81113903005522
-3.52410913545063,55.6983496907958,-3.81079197806709
-3.52610702940818,55.7054264248026,-3.81044492608605
-3.52809535425191,55.7124922608473,-3.81009787409496
-3.53007412998573,55.719547186788,-3.80975082210886
-3.53204337695802,55.7265911917027,-3.80940377012305
-3.53400311531517,55.733624263944,-3.80905671814525
-3.53595336579583,55.7406463938868,-3.80870966615013
-3.53789414828776,55.7476575689611,-3.80836261416167
-3.53982548305213,55.7546577778397,-3.8080155621836
-3.54174739067047,55.7616470103159,-3.8076685102016
-3.54365989154896,55.7686252556208,-3.80732145821106
-3.54556300593703,55.7755925022907,-3.80697440621941
-3.54745675392204,55.7825487383846,-3.80662735424234
-3.54934115627064,55.7894939542918,-3.80628030225742
-3.5512162333487,55.7964281389999,-3.80593325026591
-3.55308200523944,55.8033512804381,-3.80558619828703
-3.55493849272213,55.8102633690232,-3.80523914629921
-3.55678571602105,55.8171643931855,-3.8048920943143
-3.55862369550846,55.8240543418299,-3.80454504233667
-3.56045245206205,55.830933205704,-3.80419799034066
-3.56227200557727,55.8378009719883,-3.80385093836014
-3.56408237682857,55.844657631,-3.80350388637742
-3.56588358631441,55.8515031720859,-3.80315683439142
-3.56767565436064,55.8583375839078,-3.80280978241276
-3.5694586018538,55.8651608571718,-3.80246273041874
-3.57123244881491,55.8719729794377,-3.80211567843915
-3.5729972160808,55.878773941156,-3.80176862645637
-3.57475292414299,55.8855637315789,-3.80142157447311
-3.57661893412859,55.8928171333883,-3.80107452248551
-3.57835628218798,55.899585075552,-3.80072747050074
-3.58008463180418,55.906341814184,-3.80038041852326
-3.58180400387501,55.9130873399471,-3.80003336653422
-3.58351441872455,55.9198216413509,-3.79968631455082
-3.58521589697899,55.9265447080494,-3.79933926257176
-3.58690845948488,55.9332565304541,-3.79899221058367
-3.5885921266561,55.9399570973533,-3.79864515860052
-3.59026691921118,55.9466463986853,-3.79829810661763
-3.59193285780526,55.9533244241208,-3.79795105463528
-3.59358996308855,55.9599911633039,-3.79760400265456
-3.59523825588276,55.9666466065267,-3.79725695066637
-3.59687775666576,55.9732907426842,-3.79690989868512
-3.59850848626348,55.9799235620896,-3.79656284670223
-3.60013046535083,55.9865450544059,-3.79621579472032
-3.60174371465834,55.9931552094806,-3.79586874273943
-3.60334825505598,55.9997540177162,-3.79552169075085
-3.60494410700746,56.0063414679518,-3.79517463877218
-3.60653129149142,56.012917550927,-3.79482758679004
-3.60810982927717,56.0194822566157,-3.79448053480422
-3.60967974094906,56.0260355742464,-3.7941334828272
-3.61124104759776,56.0325774950059,-3.79378643083958
-3.61279376978455,56.0391080079899,-3.793439378857
-3.61433792831389,56.0456271032474,-3.79309232687976
-3.61587354421662,56.052134771669,-3.79274527489471
-3.61740063816822,56.0586310027621,-3.79239822291205
-3.61891923102206,56.0651157866954,-3.79205117093146
-3.62042934369731,56.0715891139364,-3.79170411894814
-3.62193099699043,56.0780509743926,-3.79135706696703
-3.62342421182792,56.0845013584915,-3.79101001498491
-3.62490900905998,56.0909402563345,-3.79066296300441
-3.6263854096254,56.0973676584298,-3.79031591102185
-3.6278534344202,56.1037835549711,-3.7899688590393
-3.62931310430889,56.1101879361166,-3.78962180705977
-3.63076444031771,56.1165807926266,-3.78927475507682
-3.63220746331148,56.1229621146228,-3.78892770309502
-3.63364219421742,56.1293318923997,-3.78858065111654
-3.6350686541157,56.1356901169061,-3.78823359913316
-3.63648686388228,56.1420367782515,-3.78788654715105
-3.63789684448201,56.1483718668539,-3.78753949517168
-3.63929861696378,56.1546953735143,-3.78719244319067
-3.64069220230921,56.161007288707,-3.78684539120949
-3.64207762152447,56.1673076029994,-3.78649833922853
-3.64345489563816,56.1735963070374,-3.78615128724734
-3.64482404566588,56.1798733914009,-3.78580423526703
-3.64618509266286,56.186138846805,-3.78545718328691
-3.64753805770441,56.1923926640803,-3.78511013130483
-3.64888296178467,56.1986348336494,-3.7847630793259
-3.65021982604385,56.2048653465555,-3.78441602734535
-3.65154867155811,56.2110841935614,-3.78406897536357
-3.65297271817021,56.217792266731,-3.78372192338404
-3.65428524530415,56.2239882703236,-3.78337487140431
-3.65558981617692,56.2301725802885,-3.78302781942376
-3.65688645189241,56.2363451874323,-3.78268076744388
-3.65817517360155,56.2425060827682,-3.78233371546314
-3.65945600241499,56.2486552571204,-3.78198666348363
-3.66072895950559,56.254792701559,-3.78163961150382
-3.66199406602547,56.2609184070582,-3.78129255952423
-3.66325134315829,56.2670323646979,-3.78094550754409
-3.66450081207083,56.2731345654943,-3.78059845556415
-3.66574249394658,56.2792250004894,-3.78025140358519
-3.66697641000535,56.2853036609234,-3.77990435160515
-3.6682025814359,56.2913705378332,-3.77955729962582
-3.66942102946611,56.2974256224436,-3.77921024764635
-3.67063177532204,56.3034689059314,-3.77886319566711
-3.67183484024506,56.3095003795525,-3.77851614368766
-3.67303024547324,56.3155200345396,-3.77816909170836
-3.67421801226111,56.3215278621585,-3.77782203972954
-3.67539816188335,56.3275238537667,-3.77747498775042
-3.67657071561647,56.3335080007006,-3.77712793577106
-3.67773569473241,56.3394802942894,-3.77678088379211
-3.67889312052722,56.3454407259426,-3.77643383181333
-3.68004301430019,56.3513892870686,-3.77608677983496
-3.68118539738151,56.3573259691943,-3.77573972785575
-3.68232029107697,56.3632507637325,-3.77539267587682
-3.683447716707,56.3691636621738,-3.77504562389843
-3.68456769562582,56.3750646560991,-3.77469857191983
-3.68568024917595,56.3809537370418,-3.77435151994152
-3.68678539871736,56.3868308966272,-3.77400446796292
-3.68788316561347,56.3926961264517,-3.77365741598441
-3.68897357123566,56.3985494181481,-3.77331036400625
-3.69005663697317,56.4043907634188,-3.77296331202796
-3.69113238421552,56.4102201539501,-3.77261626004984
-3.69220083436684,56.4160375814863,-3.77226920807166
-3.69326200883339,56.42184303778,-3.77192215609354
-3.69431592903801,56.4276365146149,-3.77157510411554
-3.69536261640617,56.4334180038033,-3.77122805213771
-3.6964020923748,56.4391874972005,-3.77088100015984
-3.69743437839381,56.4449449866803,-3.77053394818191
-3.69845949590937,56.4506904641238,-3.77018689620423
-3.69947746638784,56.4564239214712,-3.76983984422657
-3.70048831130525,56.4621453506819,-3.76949279224889
-3.70149205213277,56.4678547437306,-3.76914574027133
-3.70248871036287,56.4735520926267,-3.76879868829395
-3.70347830749438,56.4792373894301,-3.76845163631639
-3.70446086503065,56.4849106261899,-3.76810458433901
-3.70543640448443,56.4905717950046,-3.76775753236175
-3.70640494738014,56.4962208880055,-3.7674104803845
-3.70736651524589,56.5018578973434,-3.76706342840729
-3.70832112962012,56.5074828151977,-3.76671637643014
-3.70935383411209,56.5136220945674,-3.76636932445311
-3.71029422154332,56.5192233100103,-3.76602227247607
-3.71122771934546,56.5248124104083,-3.76567522049912
-3.71215434909132,56.5303893880541,-3.76532816852225
-3.71307413236029,56.5359542352714,-3.76498111654542
-3.72848413326405,56.6340385964751,-3.75873418097265
-3.72927794436465,56.6393715440651,-3.75838712899694
-3.73006534226109,56.6446922135792,-3.75804007702129
-3.7308463486982,56.6500005979327,-3.7576930250457
-3.73162098542745,56.6552966900689,-3.75734597307016
-3.73238927420743,56.6605804829598,-3.75699892109468
-3.73315123680654,56.6658519696059,-3.75665186911925
-3.73390689499812,56.671111143036,-3.75630481714389
-3.73465627056307,56.676357996307,-3.75595776516858
-3.73539938529169,56.681592522505,-3.75561071319332
-3.73613626097785,56.6868147147434,-3.75526366121813
-3.73686691942651,56.6920245661654,-3.75491660924298
-3.73759138244698,56.6972220699413,-3.7545695572679
-3.73830967185751,56.7024072192706,-3.75422250529287
-3.739021809482,56.7075800073816,-3.7538754533179
-3.73972781715302,56.7127404275304,-3.75352840134298
-3.7404277167091,56.7178884730006,-3.75318134936813
-3.74112152999639,56.7230241371081,-3.75283429739331
-3.74180927886728,56.728147413193,-3.75248724541855
-3.74249098518195,56.7332582946242,-3.75214019344387
-3.74316667080709,56.7383567748027,-3.75179314146923
-3.7438363576164,56.7434428471553,-3.75144608949464
-3.74450006749044,56.7485165051378,-3.7510990375201
-3.74515782231651,56.753577742234,-3.75075198554563
-3.74580964398873,56.7586265519557,-3.75040493357122
-3.7464555544082,56.763662927847,-3.75005788159685
-3.74709557548247,56.7686868634763,-3.74971082962253
-3.74779498238654,56.7742492069159,-3.74936377764827
-3.74842286665002,56.779248732232,-3.74901672567405
-3.74904492653604,56.7842357978424,-3.74866967369993
-3.74966118397949,56.7892103974374,-3.7483226217258
-3.75027166092111,56.7941725247183,-3.74797556975183
-3.75087637930897,56.7991221734415,-3.74762851777777
-3.75147536109683,56.8040593373649,-3.74728146580378
-3.75206862824451,56.8089840102744,-3.74693441383004
-3.75265620272079,56.8138961860229,-3.74658736185615
-3.75323810649799,56.8187958584508,-3.74624030988232
-3.75381436155576,56.8236830214328,-3.74589325790869
-3.75438498988101,56.8285576688994,-3.74554620593498
-3.75495001346566,56.8334197947844,-3.74519915396128
-3.75550945430793,56.8382693930429,-3.74485210198782
-3.75606333441362,56.843106457693,-3.74450505001428
-3.75661167579408,56.847930982755,-3.74415799804077
-3.75715450046538,56.8527429622755,-3.74381094606741
-3.75769183045254,56.8575423903486,-3.74346389409405
-3.75822368778304,56.8623292610823,-3.74311684212075
-3.75875009449493,56.8671035686186,-3.74276979014751
-3.75927107262901,56.8718653071326,-3.74242273817425
-3.75978664423132,56.8766144708028,-3.74207568620126
-3.7602968313588,56.8813510538963,-3.74172863422796
-3.76080165606816,56.8860750506348,-3.74138158225485
-3.76130114042521,56.890786455286,-3.74103453028219
-3.76179530650419,56.8954852622247,-3.74068747830906
-3.76228417637751,56.9001714657428,-3.7403404263362
-3.76276777213381,56.9048450602379,-3.73999337436324
-3.76324611585678,56.9095060400948,-3.73964632239037
-3.76371922964337,56.9141543997327,-3.73929927041775
-3.76418713559248,56.9187901336047,-3.73895221844542
-3.76464985581349,56.9234132362533,-3.73860516647254
-3.76510741241635,56.9280237021512,-3.73825811449973
-3.76555982751533,56.9326215258317,-3.73791106252715
-3.76600712323515,56.9372067018615,-3.73756401055488
-3.76644932170458,56.9417792248714,-3.73721695858246
-3.76688644505807,56.9463390894839,-3.73686990661
-3.76731851543313,56.9508862903199,-3.73652285463808
-3.76774555497857,56.9554208221638,-3.7361758026652
-3.76816758583857,56.9599426796479,-3.73582875069265
-3.76858463016767,56.9644518574439,-3.73548169872153
-3.76899671013513,56.9689483505251,-3.73513464674882
-3.76940384790339,56.9734321535726,-3.73478759477634
-3.76980606563709,56.9779032613498,-3.73444054280514
-3.7702033855237,56.9823616689074,-3.7340934908323
-3.77059582973815,56.9868073709441,-3.73374643886074
-3.77098342046789,56.9912403624614,-3.73339938688916
-3.77136617990977,56.9956606384406,-3.73305233491705
-3.77174413025785,57.0000681938239,-3.73270528294488
-3.77211729370994,57.0044630235439,-3.73235823097377
-3.77252880292646,57.0094200749323,-3.73201117900147
-3.77289199588882,57.0137899106834,-3.73166412703022
-3.7732504678159,57.0181470056618,-3.73131707505885
-3.77360424093454,57.0224913550342,-3.73097002308662
-3.77395333746378,57.026822953816,-3.73062297111556
-3.77429777964201,57.0311417973043,-3.73027591914381
-3.77463758970307,57.0354478806549,-3.72992886717212
-3.77497278988659,57.0397411990256,-3.72958181520167
-3.77530340244582,57.0440217478137,-3.72923476323041
-3.77562944963279,57.0482895223142,-3.72888771125827
-3.7759509536961,57.0525445176987,-3.72854065928755
-3.77626793690584,57.0567867295359,-3.72819360731487
-3.77658042151662,57.0610161528266,-3.72784655534607
-3.77688842980799,57.0652327833792,-3.72749950337496
-3.77719198405956,57.0694366166326,-3.7271524514015
-3.77749110653363,57.0736276476279,-3.72680539943223
-3.77778581952477,57.0778058722277,-3.72645834746146
-3.77807614532277,57.0819712858772,-3.72611129549041
-3.77836210621985,57.0861238841934,-3.72576424351806
-3.77864372450127,57.0902636624321,-3.72541719154943
-3.77892102248764,57.0943906166285,-3.72507013957798
-3.77919402247346,57.0985047422486,-3.72472308760635
-3.77946274676981,57.102606034855,-3.72437603563618
-3.7797272176935,57.1066944902603,-3.72402898366568
-3.77998745756082,57.1107701041113,-3.72368193169607
-3.78024348869754,57.1148328723257,-3.72333487972481
-3.78049533343221,57.1188827906148,-3.72298782775306
-3.78074301408806,57.1229198546008,-3.72264077578372
-3.78098655300778,57.1269440603006,-3.72229372381412
-3.78122597252926,57.1309554037012,-3.72194667184241
-3.7814612949932,57.1349538803608,-3.72159961987392
-3.78169254275846,57.1389394867236,-3.72125256790066
-3.7819197381558,57.1429122181089,-3.72090551593247
-3.78214290355706,57.1468720709026,-3.72055846396322
-3.78236206132037,57.1508190412103,-3.72021141199149
-3.78257723380251,57.1547531247976,-3.71986436002159
-3.7827884433753,57.1586743179105,-3.71951730805086
-3.78299571240169,57.1625826163941,-3.71917025608328
-3.78319906326824,57.1664780168132,-3.71882320411216
-3.78339851834744,57.1703605151035,-3.71847615214096
-3.78359410001684,57.1742301073036,-3.71812910017201
-3.78378583066976,57.1780867898118,-3.71778204820256
-3.78397373269152,57.1819305587802,-3.71743499623406
-3.78415782847937,57.1857614107098,-3.71708794426307
-3.78433814043257,57.1895793419212,-3.71674089228934
-3.78451469092902,57.1933843479467,-3.71639384032524
-3.78468750239564,57.1971764260455,-3.71604678835699
-3.78485659724258,57.2009555727516,-3.71569973638239
-3.78502199785611,57.2047217836398,-3.71535268441448
-3.78520323870959,57.2090727272562,-3.71500563244538
-3.78536081684186,57.2128135094984,-3.71465858047703
-3.78551476724197,57.2165413454934,-3.7143115285069
-3.78566511233425,57.2202562317331,-3.71396447653566
-3.78581187454554,57.223958164409,-3.71361742456915
-3.78595507630666,57.2276471406423,-3.71327037259919
-3.78609474004939,57.2313231567202,-3.712923320631
-3.78623088821912,57.2349862097546,-3.71257626865752
-3.78636354324337,57.2386362957604,-3.71222921668901
-3.78649272756822,57.2422734112975,-3.71188216472787
-3.78661846365616,57.2458975545175,-3.71153511275228
-3.78674077393736,57.2495087208257,-3.71118806078328
-3.78685968087197,57.2531069072777,-3.71084100881696
-3.786975206922,57.2566921113398,-3.71049395684343
-3.78708737453367,57.2602643289747,-3.71014690487649
-3.78719620617194,57.2638235574071,-3.70979985291093
-3.78730172430632,57.2673697937265,-3.70945280094405
-3.78740395140466,57.2709030356037,-3.7091057489646
-3.78750290992597,57.2744232780405,-3.70875869700305
-3.78759862235396,57.2779305193096,-3.70841164503985
-3.78769111115721,57.2814247574754,-3.70806459305886
-3.78778039882236,57.2849059869202,-3.70771754110169
-3.78786650781995,57.2883742073871,-3.70737048912716
-3.78794946063853,57.2918294147043,-3.70702343715527
-3.78802927976547,57.2952716054948,-3.70667638519419
-3.78810598769095,57.2987007780476,-3.70632933322669
-3.78817960689073,57.3021169297274,-3.70598228125023
-3.78825015988113,57.3055200564071,-3.70563522928601
-3.78831766913651,57.3089101563095,-3.70528817731913
-3.78838215717245,57.3122872269868,-3.70494112534561
-3.78844364648601,57.3156512642931,-3.70459407338821
-3.78850215957443,57.3190022678584,-3.70424702141164
-3.78855771894686,57.3223402333257,-3.70389996944276
-3.78861034711342,57.3256651582488,-3.70355291747941
-3.78866006658055,57.3289770408858,-3.70320586550887
-3.78870689986489,57.3322758782233,-3.70285881353864
-3.78875086947202,57.3355616674349,-3.70251176157365
-3.78879199793464,57.3388344064777,-3.70216470960736
-3.78883030775377,57.3420940929658,-3.70181765763874
-3.78886582146158,57.3453407244796,-3.70147060566795
-3.78889856157435,57.3485742986373,-3.70112355369487
-3.78892855063553,57.3517948116868,-3.70077650174115
-3.78895581113888,57.3550022638541,-3.7004294497672
-3.78898036564178,57.358196651409,-3.70008239779523
-3.7890022366732,57.3613779714218,-3.69973534583547
-3.78902144673913,57.3645462235694,-3.69938829385816
-3.78903801841542,57.3677014035488,-3.6990412418958
-3.78905197420323,57.3708435104506,-3.69869418992859
-3.78906333666447,57.3739725416435,-3.69834713796401
-3.78907212832738,57.3770884954218,-3.69800008599559
-3.78907190547918,57.3808111865226,-3.6976530340178
-3.78907508403303,57.3839014085534,-3.69730598205966
-3.78907575866821,57.3869785465644,-3.69695893009672
-3.78907395192194,57.390042599011,-3.69661187812179
-3.78906968637798,57.3930935622199,-3.69626482616114
-3.78906298454855,57.3961314360405,-3.6959177741869
-3.78905386900276,57.3991562177139,-3.69557072221202
-3.78904236234245,57.4021679038298,-3.69522367026019
-3.78902848705752,57.4051664946934,-3.69487661829769
-3.78901226569745,57.4081519884815,-3.69452956632432
-3.78899372082924,57.4111243835894,-3.6941825143371
-3.78897287509229,57.4140836747998,-3.69383546238936
-3.78894975097118,57.4170298637681,-3.69348841042848
-3.78892437100584,57.4199629488201,-3.69314135845361
-3.78889675781571,57.4228829267259,-3.69279430648885
-3.78886693390356,57.4257897976583,-3.69244725450567
-3.78883492194645,57.4286835565672,-3.69210020255727
-3.7888007443997,57.4315642052126,-3.69175315059146
-3.78876442387182,57.4344317410696,-3.6914060986231
-3.78872598289484,57.4372861631817,-3.69105904664303
-3.78868544414408,57.4401274676301,-3.69071199468874
-3.78864283008452,57.4429556552852,-3.69036494272361
-3.78859816329176,57.445770724972,-3.69001789074328
-3.78855146645448,57.4485726720033,-3.68967083879855
-3.78850276196635,57.4513614997917,-3.68932378681462
-3.78845207253806,57.4541372032134,-3.68897673484987
-3.78839942074863,57.4568997814702,-3.68862968289611
-3.78834482905288,57.4596492356965,-3.6882826309152
-3.78828832013274,57.4623855621052,-3.68793557894616
-3.78822991659567,57.4651087590138,-3.6875885269958
-3.78816964091045,57.4678188274556,-3.68724147502901
-3.7881075156637,57.4705157663158,-3.68689442304466
-3.78804356355107,57.4731995717868,-3.68654737108388
-3.78797780712823,57.47587024335,-3.68620031913718
-3.7879102688271,57.4785277828761,-3.68585326715819
-3.78784097133638,57.4811721872608,-3.68550621517857
-3.78776993730263,57.4838034538542,-3.68515916322322
-3.78769718924042,57.4864215833714,-3.68481211126532
-3.78762274970387,57.489026575256,-3.68446505929811
-3.78754664130601,57.4916184279289,-3.68411800733127
-3.78746888658429,57.4941971412508,-3.68377095535246
-3.78738950821093,57.49676271296,-3.68342390338303
-3.78730852880349,57.4993151413846,-3.6830768514354
-3.78722597085643,57.5018544274185,-3.68272979948258
-3.787141856797,57.5043805729019,-3.6823827474832
-3.78705620952733,57.5068935716191,-3.68203569552193
-3.78696905159481,57.5093934235104,-3.68168864358808
-3.78688040522791,57.5118801338001,-3.6813415915888
-3.78679029343914,57.5143536947893,-3.68099453963334
-3.78669873861396,57.5168141090253,-3.68064748767165
-3.78657144888833,57.5199021677063,-3.68030043571102
-3.786476499741,57.5223366926927,-3.67995338373271
-3.78638017465827,57.5247580673741,-3.67960633176692
-3.7862824962628,57.5271662908851,-3.67925927981881
-3.78618348693182,57.5295613658786,-3.67891222783875
-3.78608316946593,57.5319432885728,-3.67856517587813
-3.78598156628805,57.5343120608979,-3.67821812389956
-3.78587870017109,57.536667679605,-3.67787107194697
-3.78577459360165,57.5390101460527,-3.67752401999303
-3.78566926905986,57.5413394609631,-3.67717696802039
-3.7855627492201,57.5436556230151,-3.67682991604444
-3.78545505674708,57.5459586307031,-3.67648286408371
-3.78534621411242,57.5482484852297,-3.67613581211493
-3.78523624397472,57.5505251852407,-3.67578876015513
-3.78512516895026,57.5527887303589,-3.67544170820685
-3.7850130112997,57.5550391245079,-3.67509465620554
-3.78489979414084,57.5572763602741,-3.67474760426424
-3.78478553965641,57.5595004431305,-3.67440055229556
-3.78467027054268,57.5617113712249,-3.6740535003264
-3.78455400945961,57.5639091434065,-3.67370644837356
